name,bref_id,nicknames,nickname1,nickname2,nickname3,nickname4,nickname5,nickname6
David Aardsma,aardsda01,['The DA'],The DA,,,,,
Henry Aaron,aaronha01,"['Hammer', ""Hammerin' Hank"", 'Bad Henry']",Hammer,Hammerin' Hank,Bad Henry,,,
Fernando Abad,abadfe01,['Nandito'],Nandito,,,,,
Ed Abbaticchio,abbated01,['Batty'],Batty,,,,,
Dan Abbott,abbotda01,['Big Dan'],Big Dan,,,,,
Al Aber,aberal01,['Lefty'],Lefty,,,,,
Cliff Aberson,aberscl01,['Kif'],Kif,,,,,
Harry Ables,ablesha01,['Hans'],Hans,,,,,
Cal Abrams,abramca01,['Abie'],Abie,,,,,
Bobby Abreu,abreubo01,"['El Come Dulce', 'La Leche']",El Come Dulce,La Leche,,,,
Jose Abreu,abreujo02,"['Oso', 'Yogi', 'Mal Tiempo', 'Pito']",Oso,Yogi,Mal Tiempo,Pito,,
Bill Abstein,abstebi01,['Big Bill'],Big Bill,,,,,
Alfredo Aceves,aceveal01,['Ace'],Ace,,,,,
Jose Acosta,acostjo01,['Acostica'],Acostica,,,,,
Manny Acta,actama99,['El Porto'],El Porto,,,,,
Ronald Acuna Jr.,acunaro01,"['Sabanero Soy', 'El De La Sabana', 'El Abusador']",Sabanero Soy,El De La Sabana,El Abusador,,,
Jerry Adair,adairje01,['Casper the Friendly Ghost'],Casper the Friendly Ghost,,,,,
Jimmy Adair,adairji01,['Choppy'],Choppy,,,,,
Cristhian Adames,adamecr01,['El Chavo'],El Chavo,,,,,
Willy Adames,adamewi01,['The Kid'],The Kid,,,,,
Austin Adams,adamsau02,['A2'],A2,,,,,
Dan Adams,adamsda01,['Rube'],Rube,,,,,
Joe Adams,adamsjo01,['Wagon Tongue'],Wagon Tongue,,,,,
Karl Adams,adamska01,['Rebel'],Rebel,,,,,
Lane Adams,adamsla01,['LA Swiftness'],LA Swiftness,,,,,
Matt Adams,adamsma01,"['Big City', 'Jumbo Pepsi']",Big City,Jumbo Pepsi,,,,
Jim Adduci,adducji02,['Deuce'],Deuce,,,,,
Bob Addy,addybo01,['Magnet'],Magnet,,,,,
Grady Adkins,adkingr01,['Butcher Boy'],Butcher Boy,,,,,
Merle Adkins,adkindo01,['Doc'],Doc,,,,,
Tim Adleman,adlemti01,['The Microwave'],The Microwave,,,,,
Ehire Adrianza,adriaeh01,['Guarenero'],Guarenero,,,,,
Harry Agganis,agganha01,['The Golden Greek'],The Golden Greek,,,,,
Sam Agnew,agnewsa01,['Slam'],Slam,,,,,
Dario Agrazal,agrazda01,['Rey'],Rey,,,,,
Jesus Aguilar,aguilje01,"['Dino', 'El Causa']",Dino,El Causa,,,,
Nick Ahmed,ahmedni01,['Slick Nick'],Slick Nick,,,,,
Eddie Ainsmith,ainsmed01,['Dorf'],Dorf,,,,,
Jack Aker,akerja01,['Chief'],Chief,,,,,
Bill Akers,akersbi01,['Bump'],Bump,,,,,
Matt Albers,alberma01,"['Albie', 'Big Salt']",Albie,Big Salt,,,,
Hanser Alberto,alberha01,"['Radio', '#Femalta']",Radio,#Femalta,,,,
Ozzie Albies,albieoz01,['Puchi'],Puchi,,,,,
Ed Albosta,albosed01,['Rube'],Rube,,,,,
Arismendy Alcantara,alcanar01,['Arismel'],Arismel,,,,,
Israel Alcantara,alcanis01,['Izzy'],Izzy,,,,,
Sandy Alcantara,alcansa01,['Sandman'],Sandman,,,,,
Victor Alcantara,alcanvi01,['V'],V,,,,,
Dale Alexander,alexada01,['Moose'],Moose,,,,,
Grover Alexander,alexape01,['Old Pete'],Old Pete,,,,,
Scott Alexander,alexasc02,['Scottie Boy'],Scottie Boy,,,,,
Tyler Alexander,alexaty01,['Todd the Painter'],Todd the Painter,,,,,
Jorge Alfaro,alfarjo01,"['The Legend', 'El Oso']",The Legend,El Oso,,,,
Antonio Alfonseca,alfonan01,"['El Pulpo', 'The Octopus']",El Pulpo,The Octopus,,,,
Edgardo Alfonzo,alfoned01,['Fonzie'],Fonzie,,,,,
Cody Allen,allenco01,['Pollo'],Pollo,,,,,
Dick Allen,allendi01,"['Wampum Walloper', 'Richie', 'Crash']",Wampum Walloper,Richie,Crash,,,
Earl Allen,allenbo03,['Thin Man'],Thin Man,,,,,
Hezekiah Allen,allenhe01,['Ki'],Ki,,,,,
Horace Allen,allenho01,['Pug'],Pug,,,,,
Myron Allen,allenmy01,['Zeke'],Zeke,,,,,
Rafael Almeida,almeira01,['Mike'],Mike,,,,,
Abraham Almonte,almonab01,['El Varon'],El Varon,,,,,
Yency Almonte,almonye01,['Showtime'],Showtime,,,,,
Albert Almora,almoral01,['Tico'],Tico,,,,,
Luis Aloma,alomalu01,['Witto'],Witto,,,,,
Sandy Alomar,alomasa01,['Iron Pony'],Iron Pony,,,,,
Sandy Alomar,alomasa02,['Santos'],Santos,,,,,
Pete Alonso,alonspe01,['Polar Bear'],Polar Bear,,,,,
Yonder Alonso,alonsyo01,['Mr. 305'],Mr. 305,,,,,
Felipe Alou,aloufe01,['El Panque de Haina'],El Panque de Haina,,,,,
Jesus Alou,alouje01,['Jay'],Jay,,,,,
Garvin Alston,alstoga01,['G Baby'],G Baby,,,,,
Walter Alston,alstowa01,['Smokey'],Smokey,,,,,
Dan Altavilla,altavda01,['Buzzy'],Buzzy,,,,,
Ernie Alten,altener01,['Lefty'],Lefty,,,,,
Aaron Altherr,altheaa01,"['The Fresh Prince of Altherr', 'A-a-ron', 'Rhineland Rocket']",The Fresh Prince of Altherr,A-a-ron,Rhineland Rocket,,,
Dave Altizer,altizda01,"['Daredevil', 'Filipino']",Daredevil,Filipino,,,,
George Altman,altmage01,['Big George'],Big George,,,,,
Jose Altuve,altuvjo01,['Tuve'],Tuve,,,,,
Jose Alvarado,alvarjo03,"['El Pocho', 'La Flecha']",El Pocho,La Flecha,,,,
Luis Alvarado,alvarlu01,['Pimba'],Pimba,,,,,
Henderson Alvarez III,alvarhe01,['The Entertainer'],The Entertainer,,,,,
Jose Alvarez,alvarjo02,"['Kike', 'El Llave']",Kike,El Llave,,,,
Pedro Alvarez,alvarpe01,['El Toro'],El Toro,,,,,
Yordan Alvarez,alvaryo01,['Air Yordan'],Air Yordan,,,,,
Billy Alvord,alvorbi01,['Uncle Bill'],Uncle Bill,,,,,
Alexi Amarista,amarial01,"['Mighty Mouse', 'Little Ninja']",Mighty Mouse,Little Ninja,,,,
Larry Andersen,anderla02,"['LA', 'Mr. Jello']",LA,Mr. Jello,,,,
Bill Anderson,anderbi01,['Lefty'],Lefty,,,,,
Brett Anderson,anderbr04,['Noon'],Noon,,,,,
Brian Anderson,anderbr02,['Antic'],Antic,,,,,
Brian Anderson,anderbr06,['Andy'],Andy,,,,,
Chase Anderson,anderch01,"['Texas', 'Chaser']",Texas,Chaser,,,,
Cody Anderson,anderco01,['Big Rig'],Big Rig,,,,,
Ferrell Anderson,anderfe01,['Andy'],Andy,,,,,
George Anderson,anderge01,['Andy'],Andy,,,,,
Harry Anderson,anderha02,['Harry the Horse'],Harry the Horse,,,,,
John Anderson,anderjo01,['Honest John'],Honest John,,,,,
Justin Anderson,anderju01,['Ando'],Ando,,,,,
Nick Anderson,anderni01,['Ando'],Ando,,,,,
Shaun Anderson,andersh01,['Bigg Shaun'],Bigg Shaun,,,,,
Sparky Anderson,andersp01,"['Captain Hook', 'Sparky']",Captain Hook,Sparky,,,,
Tim Anderson,anderti01,['TA7'],TA7,,,,,
Tyler Anderson,anderty01,"['Ricky F.', 'Mr. Duck']",Ricky F.,Mr. Duck,,,,
Varney Anderson,anderva01,['Varn'],Varn,,,,,
Walter Anderson,anderwa01,['Lefty'],Lefty,,,,,
Ernie Andres,andreer01,['Junie'],Junie,,,,,
Ivy Andrews,andreiv01,['Poison'],Poison,,,,,
Stan Andrews,andrest01,['Polo'],Polo,,,,,
Matt Andriese,andrima01,['Dreezy'],Dreezy,,,,,
Bill Andrus,andrubi01,['Andy'],Andy,,,,,
Elvis Andrus,andruel01,"['Comando', 'Merulo Jr']",Comando,Merulo Jr,,,,
Miguel Andujar,andujmi01,['Papa'],Papa,,,,,
Cap Anson,ansonca01,"['Cap', 'Pop', 'The Marshalltown Infant']",Cap,Pop,The Marshalltown Infant,,,
Luis Aparicio,aparilu01,['Little Louie'],Little Louie,,,,,
Kevin Appier,appieke01,['Ape'],Ape,,,,,
Ed Appleton,appleed01,['Whitey'],Whitey,,,,,
Pete Appleton,applepe01,['Jake'],Jake,,,,,
Luke Appling,applilu01,"['Old Aches and Pains', 'Luscious Luke']",Old Aches and Pains,Luscious Luke,,,,
Aristides Aquino,aquinar01,['PJ'],PJ,,,,,
Jayson Aquino,aquinja01,['Kendry'],Kendry,,,,,
Angel Aragon,aragoan01,['Pete'],Pete,,,,,
Victor Arano,aranovi01,['El Wey'],El Wey,,,,,
Pedro Araujo,araujpe01,['El Montro'],El Montro,,,,,
Maurice Archdeacon,archdma01,"['Flash', 'Comet']",Flash,Comet,,,,
Chris Archer,archech01,['Flaco Fuerte'],Flaco Fuerte,,,,,
Fred Archer,archefr01,['Lefty'],Lefty,,,,,
Francisco Arcia,arciafr01,['Frankie'],Frankie,,,,,
Orlando Arcia,arciaor01,['El Nino'],El Nino,,,,,
Joe Ardner,ardnejo01,['Old Hoss'],Old Hoss,,,,,
Nolan Arenado,arenano01,"['Nado', 'Sandblaster']",Nado,Sandblaster,,,,
Hank Arft,arftha01,['Bow Wow'],Bow Wow,,,,,
Harry Armbruster,armbrha01,['Army'],Army,,,,,
George Armstrong,armstge01,['Dodo'],Dodo,,,,,
Shawn Armstrong,armstsh01,['Armie'],Armie,,,,,
Morrie Arnovich,arnovmo01,['Snooker'],Snooker,,,,,
Orie Arntzen,arntzor01,['Old Folks'],Old Folks,,,,,
Luis Arraez,arraelu01,['La Regadera'],La Regadera,,,,,
Jake Arrieta,arrieja01,['Snake'],Snake,,,,,
Bronson Arroyo,arroybr01,"['Saturn Nuts', 'Smokey', 'Tacks', 'Dirty', 'BroYo', 'Free Love']",Saturn Nuts,Smokey,Tacks,Dirty,BroYo,Free Love
Humberto Arteaga,arteahu01,['Arty'],Arty,,,,,
Jim Asbell,asbelji01,['Big Train'],Big Train,,,,,
Richie Ashburn,ashburi01,"['Whitey', 'Put Put']",Whitey,Put Put,,,,
Alec Asher,asheral01,['The Big Cat'],The Big Cat,,,,,
Billy Ashley,ashlebi01,['Light-Tower Power'],Light-Tower Power,,,,,
Willians Astudillo,astudwi01,['Tortuga'],Tortuga,,,,,
Carlos Asuaje,asuajca01,['Carl'],Carl,,,,,
Charlie Atherton,atherch01,['Prexy'],Prexy,,,,,
Harry Aubrey,aubreha01,['Chub'],Chub,,,,,
Rick Auerbach,auerbri01,['Reindeer'],Reindeer,,,,,
Elden Auker,aukerel01,"['Submarine', 'Big Six']",Submarine,Big Six,,,,
Tex Aulds,auldsle01,['Tex'],Tex,,,,,
Brad Ausmus,ausmubr01,['Aus'],Aus,,,,,
Jimmy Austin,austiji01,['Pepper'],Pepper,,,,,
Tyler Austin,austity01,['TA'],TA,,,,,
Martin Autry,autrych02,['Chick'],Chick,,,,,
Earl Averill,averiea01,"['Rock', 'The Earl of Snohomish']",Rock,The Earl of Snohomish,,,,
Alex Avila,avilaal01,"['Titanium Catcher', 'Parkman']",Titanium Catcher,Parkman,,,,
Luis Avilan,avilalu01,['Avi'],Avi,,,,,
John Axford,axforjo01,['Ax Man'],Ax Man,,,,,
Erick Aybar,aybarer01,"['Admiral', 'EA']",Admiral,EA,,,,
Dick Aylward,aylwadi01,['Dandy'],Dandy,,,,,
Joe Azcue,azcuejo01,['The Immortal Azcue'],The Immortal Azcue,,,,,
Loren Babe,babelo01,['Bee Bee'],Bee Bee,,,,,
Fred Baczewski,baczefr01,['Lefty'],Lefty,,,,,
Harrison Bader,baderha01,['Tots'],Tots,,,,,
Lore Bader,baderlo01,['King'],King,,,,,
Javier Baez,baezja01,"['Javy', 'El Mago']",Javy,El Mago,,,,
Michel Baez,baezmi01,['Papaso'],Papaso,,,,,
Pedro Baez,baezpe01,"['The Human Rain Delay', 'La Mula']",The Human Rain Delay,La Mula,,,,
Jim Bagby,bagbyji01,['Sarge'],Sarge,,,,,
Bill Bagwell,bagwebi01,['Big Bill'],Big Bill,,,,,
Jeff Bagwell,bagweje01,"['Baggy', 'BagPipes']",Baggy,BagPipes,,,,
Stan Bahnsen,bahnsst01,"['Bahnsen Burner', 'Bonce']",Bahnsen Burner,Bonce,,,,
Abraham Bailey,bailesw01,['Sweetbread'],Sweetbread,,,,,
Andrew Bailey,bailean01,['Bails'],Bails,,,,,
Fred Bailey,bailefr01,['Penny'],Penny,,,,,
Homer Bailey,baileho02,['Homer'],Homer,,,,,
Patrick Bailey,bailepa01,['Patty Barrels'],Patty Barrels,,,,,
Bock Baker,bakerbo01,['Smiling Bock'],Smiling Bock,,,,,
Home Run Baker,bakerfr01,['Home Run'],Home Run,,,,,
Jesse Baker,bakerje02,['Tiny'],Tiny,,,,,
Kirtley Baker,bakerki01,['Whitey'],Whitey,,,,,
Tom Baker,bakerto01,['Rattlesnake'],Rattlesnake,,,,,
Steve Balboni,balbost01,['Bye Bye'],Bye Bye,,,,,
Rocco Baldelli,baldero01,['Woonsocket Rocket'],Woonsocket Rocket,,,,,
Henry Baldwin,baldwhe01,['Ted'],Ted,,,,,
Mark Baldwin,baldwma01,['Fido'],Fido,,,,,
Hal Bamberger,bambeha01,['Dutch'],Dutch,,,,,
Dave Bancroft,bancrda01,['Beauty'],Beauty,,,,,
Sal Bando,bandosa01,['Captain Sal'],Captain Sal,,,,,
Jett Bandy,bandyje01,['Sinker-Slider'],Sinker-Slider,,,,,
Jeff Banister,banisje01,['Banny Rooster'],Banny Rooster,,,,,
Ernie Banks,bankser01,['Mr. Cub'],Mr. Cub,,,,,
Jimmy Bannon,bannoji01,['Foxy Grandpa'],Foxy Grandpa,,,,,
Tom Bannon,bannoto01,"['Ward Six', 'Uncle Tom']",Ward Six,Uncle Tom,,,,
Walter Barbare,barbawa01,['Dinty'],Dinty,,,,,
Johnny Barbato,barbajo01,['JB3'],JB3,,,,,
William Barbeau,barbeja01,['Billy'],Billy,,,,,
George Barclay,barclge01,['Deerfoot'],Deerfoot,,,,,
Josh Bard,bardjo01,['Bardo'],Bardo,,,,,
Luke Bard,bardlu01,['Bardo'],Bardo,,,,,
Clyde Barfoot,barfocl01,['Foots'],Foots,,,,,
Len Barker,barkele01,['Large Lenny'],Large Lenny,,,,,
Ray Barker,barkera01,['Buddy'],Buddy,,,,,
Scott Barlow,barlosc01,['Scoots McGoots'],Scoots McGoots,,,,,
Bruce Barmes,barmebr01,['Squeaky'],Squeaky,,,,,
Austin Barnes,barneau01,['Sam'],Sam,,,,,
Bob Barnes,barnebo01,['Lefty'],Lefty,,,,,
Danny Barnes,barneda02,['Barnzy'],Barnzy,,,,,
Frank Barnes,barnefr01,['Lefty'],Lefty,,,,,
Jacob Barnes,barneja01,"['Caveman', 'King Cobra']",Caveman,King Cobra,,,,
Jesse Barnes,barneje01,['Nubby'],Nubby,,,,,
Junie Barnes,barneju01,['Lefty'],Lefty,,,,,
Matt Barnes,barnema01,"['Barnicles', 'Barnesy', 'Matty Backpacks']",Barnicles,Barnesy,Matty Backpacks,,,
Virgil Barnes,barnevi01,['Zeke'],Zeke,,,,,
Tony Barnette,barneto01,['Barnitez'],Barnitez,,,,,
Darwin Barney,barneda01,['Dar Bar'],Dar Bar,,,,,
Clyde Barnhart,barnhcl01,['Pooch'],Pooch,,,,,
Les Barnhart,barnhle01,['Barney'],Barney,,,,,
Tucker Barnhart,barnhtu01,"['Barney', 'Tuck']",Barney,Tuck,,,,
George Barnicle,barnige01,['Barney'],Barney,,,,,
Billy Barnie,barnibi01,['Bald Billy'],Bald Billy,,,,,
Kyle Barraclough,barraky01,['Bear'],Bear,,,,,
Tres Barrera,barretr01,['Tres'],Tres,,,,,
Franklin Barreto,barrefr02,['Kaki'],Kaki,,,,,
Aaron Barrett,barreaa01,['Bear'],Bear,,,,,
Bill Barrett,barrebi02,['Whispering Bill'],Whispering Bill,,,,,
Bob Barrett,barrebo01,['Jumbo'],Jumbo,,,,,
Dick Barrett,barredi01,['Kewpie Dick'],Kewpie Dick,,,,,
Frank Barrett,barrefr01,['Red'],Red,,,,,
Jake Barrett,barreja01,['Big Bear'],Big Bear,,,,,
Johnny Barrett,barrejo01,['Jack'],Jack,,,,,
Marty Barrett,barrema02,['Dekemaster'],Dekemaster,,,,,
Jaime Barria,barrija01,['El Pana'],El Pana,,,,,
Ed Barry,barryed01,['Jumbo'],Jumbo,,,,,
Hardin Barry,barryha01,['Finn'],Finn,,,,,
John Barry,barrysh01,['Shad'],Shad,,,,,
Kimera Bartee,barteki01,['KB'],KB,,,,,
Dick Bartell,bartedi01,"['Rowdy Richard', 'Shortwave']",Rowdy Richard,Shortwave,,,,
John Barthold,barthjo01,['Hans'],Hans,,,,,
Tyler Bashlor,bashlty01,['Bash'],Bash,,,,,
Eddie Basinski,basined01,"['Bazooka', 'Fiddler']",Bazooka,Fiddler,,,,
Jim Baskette,baskeji01,['Big Jim'],Big Jim,,,,,
Anthony Bass,bassan01,"['Fish', 'T-Fish']",Fish,T-Fish,,,,
Chris Bassitt,bassich01,['C Bass'],C Bass,,,,,
Antonio Bastardo,bastaan01,['Speedy B'],Speedy B,,,,,
Emil Batch,batchem01,"['Heinie', 'Ace']",Heinie,Ace,,,,
Joe Batchelder,batchjo01,['Win'],Win,,,,,
Hubert Bates,batesbu01,['Bud'],Bud,,,,,
Rafael Batista,batisra01,['El Gallo (The Rooster)'],El Gallo (The Rooster),,,,,
Trevor Bauer,bauertr01,['Bauer Outage'],Bauer Outage,,,,,
Jake Bauers,bauerja01,['JB'],JB,,,,,
Buddy Baumann,baumabu01,['George'],George,,,,,
Frank Baumann,baumafr01,['Beau'],Beau,,,,,
Mike Baumann,baumami01,['Big Mike'],Big Mike,,,,,
Felix Bautista,bautife01,['The Mountain'],The Mountain,,,,,
Gerson Bautista,bautige01,['Yeison'],Yeison,,,,,
Jose Bautista,bautijo02,['Joey Bats'],Joey Bats,,,,,
Harry Bay,bayha01,['Deer Foot'],Deer Foot,,,,,
Don Baylor,baylodo01,"['Groove', 'The Sneak Thief']",Groove,The Sneak Thief,,,,
Bill Bayne,baynebi01,['Beverly'],Beverly,,,,,
Shane Baz,bazsh01,['Wizard of Baz'],Wizard of Baz,,,,,
Belve Bean,beanbe01,['Bill'],Bill,,,,,
Bill Bean,beanbi01,['Billy'],Billy,,,,,
Tony Beasley,beaslto99,['Lil Tee'],Lil Tee,,,,,
Pedro Beato,beatope01,['El Barbero'],El Barbero,,,,,
Desmond Beatty,beattde01,['Desperate'],Desperate,,,,,
Matt Beaty,beatyma01,['Baters Taters'],Baters Taters,,,,,
Johnny Beazley,beazljo01,['Nig'],Nig,,,,,
Chris Beck,beckch02,['Bubba'],Bubba,,,,,
Clyde Beck,beckcl01,['Jersey'],Jersey,,,,,
Erve Beck,becker01,['Dutch'],Dutch,,,,,
Rod Beck,beckro01,['Shooter'],Shooter,,,,,
Henry Beckendorf,beckehe01,['Heinie'],Heinie,,,,,
Charlie Becker,beckech01,['Buck'],Buck,,,,,
Heinz Becker,beckehe02,"['Dutch', 'Bunions']",Dutch,Bunions,,,,
Gordon Beckham,beckhgo01,['Gordo'],Gordo,,,,,
Tim Beckham,beckhti01,['Swaggy T'],Swaggy T,,,,,
Jake Beckley,becklja01,['Eagle Eye'],Eagle Eye,,,,,
Cam Bedrosian,bedroca01,['Bedrock'],Bedrock,,,,,
Steve Bedrosian,bedrost01,['Bedrock'],Bedrock,,,,,
Roy Beecher,beechro01,['Colonel'],Colonel,,,,,
Tyler Beede,beedety01,['Beedah'],Beedah,,,,,
Jalen Beeks,beeksja02,['Beeker'],Beeker,,,,,
Joe Beggs,beggsjo01,['Fireman'],Fireman,,,,,
Jim Begley,begleji01,['Imp'],Imp,,,,,
Mark Belanger,belanma01,['The Blade'],The Blade,,,,,
Jeff Beliveau,belivje01,['Belly'],Belly,,,,,
Bill Bell,bellbi01,['Ding Dong'],Ding Dong,,,,,
Chad Bell,bellch02,['Wick'],Wick,,,,,
Cool Papa Bell,bellco99,['Cool Papa'],Cool Papa,,,,,
Fern Bell,bellfe01,['Danny'],Danny,,,,,
Gary Bell,bellga01,['Ding Dong'],Ding Dong,,,,,
George Bell,bellge01,['Farmer'],Farmer,,,,,
George Bell,bellge02,['Liberty'],Liberty,,,,,
Herman Bell,bellhi01,['Hi'],Hi,,,,,
Josh Bell,belljo02,['JB'],JB,,,,,
Juan Bell,bellju01,['Tito'],Tito,,,,,
Ralph Bell,bellra01,['Lefty'],Lefty,,,,,
Albert Belle,belleal01,"['Joey', 'Mr. Freeze']",Joey,Mr. Freeze,,,,
Rafael Belliard,bellira01,['Pac-Man'],Pac-Man,,,,,
Cody Bellinger,bellico01,"['Belli', 'Cody Love']",Belli,Cody Love,,,,
Jack Bellman,bellmja01,['Happy Jack'],Happy Jack,,,,,
Brandon Belt,beltbr01,"['Baby Giraffe', 'Bob', 'The Captain']",Baby Giraffe,Bob,The Captain,,,
Carlos Beltran,beltrca01,['Ivan'],Ivan,,,,,
Adrian Beltre,beltrad01,['El Koja'],El Koja,,,,,
Johnny Bench,benchjo01,['Little General'],Little General,,,,,
Charles Bender,bendech01,['Chief'],Chief,,,,,
Andy Benes,benesan01,['Rain Man'],Rain Man,,,,,
Joe Benes,benesjo01,['Bananas'],Bananas,,,,,
Andrew Benintendi,beninan01,['Benny'],Benny,,,,,
Frank Bennett,bennefr01,['Chip'],Chip,,,,,
Fred Bennett,bennefr02,['Red'],Red,,,,,
Joaquin Benoit,benoijo01,"['El Pescador', 'Jack']",El Pescador,Jack,,,,
Allen Benson,bensoal01,['Bullet Ben'],Bullet Ben,,,,,
Rabbit Benton,bentora01,['Stan'],Stan,,,,,
Joe Benz,benzjo01,"['Blitzen', 'Butcher Boy']",Blitzen,Butcher Boy,,,,
Todd Benzinger,benzito01,['Mercedes'],Mercedes,,,,,
Johnny Berardino,berarjo01,['Bernie'],Bernie,,,,,
Jason Bere,bereja01,['Dad'],Dad,,,,,
Juan Berenguer,berenju01,"['Senor Smoke', 'El Gasolino']",Senor Smoke,El Gasolino,,,,
Joe Berger,bergejo01,['Fats'],Fats,,,,,
Marty Berghammer,berghma01,['Pepper'],Pepper,,,,,
Al Bergman,bergmal01,['Dutch'],Dutch,,,,,
Lance Berkman,berkmla01,"['Big Puma', 'Fat Elvis']",Big Puma,Fat Elvis,,,,
Roger Bernadina,bernaro01,['The Shark'],The Shark,,,,,
Joe Bernard,bernajo01,['J.C.'],J.C.,,,,,
Bill Bernhard,bernhbi01,['Strawberry Bill'],Strawberry Bill,,,,,
Dale Berra,berrada01,['Boo Boo'],Boo Boo,,,,,
Jose Berrios,berrijo01,"['The Machine', 'La Maquina', 'Orlandito']",The Machine,La Maquina,Orlandito,,,
Geronimo Berroa,berroge01,['The Chief'],The Chief,,,,,
Claude Berry,berrycl01,['Admiral'],Admiral,,,,,
Joe Berry,berryjo01,['Hodge'],Hodge,,,,,
Joe Berry,berryjo02,['Nig'],Nig,,,,,
Joe Berry,berryjo03,['Jittery Joe'],Jittery Joe,,,,,
Frank Bertaina,bertafr01,['Toys in the Attic'],Toys in the Attic,,,,,
Jon Berti,bertijo01,['Birdman'],Birdman,,,,,
Roman Bertrand,bertrle01,['Lefty'],Lefty,,,,,
Don Bessent,bessedo01,['The Weasel'],The Weasel,,,,,
Dellin Betances,betande01,"['D. Dawg', 'El Acido', 'Dellin Jay']",D. Dawg,El Acido,Dellin Jay,,,
Bill Bethea,bethebi01,['Spot'],Spot,,,,,
Chad Bettis,bettich01,"['Betty', 'Lettuce']",Betty,Lettuce,,,,
Harry Betts,bettsha01,"['Chubby', 'Ginger']",Chubby,Ginger,,,,
Mookie Betts,bettsmo01,['Mookie Batts'],Mookie Batts,,,,,
Joe Biagini,biagijo01,"['Gini', 'Genie', 'Joe The Great', 'Jeffrey']",Gini,Genie,Joe The Great,Jeffrey,,
Austin Bibens-Dirkx,bibenau01,['El Rubio'],El Rubio,,,,,
Charlie Bicknell,bicknch01,['Bud'],Bud,,,,,
Jesse Biddle,biddlje01,['JB'],JB,,,,,
Shane Bieber,biebesh01,['Not Justin'],Not Justin,,,,,
Ed Biecher,beeched02,['Scrap Iron'],Scrap Iron,,,,,
Carson Bigbee,bigbeca01,['Skeeter'],Skeeter,,,,,
Lyle Bigbee,bigbely01,['Al'],Al,,,,,
Elliot Bigelow,bigelel01,"['Babe', 'Gilly']",Babe,Gilly,,,,
Cavan Biggio,biggica01,['Biggy'],Biggy,,,,,
Craig Biggio,biggicr01,['Bidge'],Bidge,,,,,
Emil Bildilli,bildiem01,['Hill Billy'],Hill Billy,,,,,
Harry Billiard,billiha01,['Pree'],Pree,,,,,
George Binks,binksge01,['Bingo'],Bingo,,,,,
Doug Bird,birddo01,['The Fidrych'],The Fidrych,,,,,
Frank Bird,birdfr01,['Dodo'],Dodo,,,,,
Greg Bird,birdgr01,['Bird Dog'],Bird Dog,,,,,
Ralph Birkofer,birkora01,['Lefty'],Lefty,,,,,
Joe Birmingham,birmijo01,['Dode'],Dode,,,,,
Frank Biscan,biscafr01,['Porky'],Porky,,,,,
John Bischoff,bischjo01,['Smiley'],Smiley,,,,,
Bill Bishop,bishobi02,['Lefty'],Lefty,,,,,
Max Bishop,bishoma01,"['Tilly', 'Camera Eye']",Tilly,Camera Eye,,,,
Hiram Bithorn,bithohi01,['Hi'],Hi,,,,,
Ty Blach,blachty01,['The Preacher'],The Preacher,,,,,
Bill Black,blackbi01,['Jigger'],Jigger,,,,,
Bud Black,blackbu02,['Harry'],Harry,,,,,
John Black,blackjo01,['Jack'],Jack,,,,,
Ray Black,blackra01,['Blackout'],Blackout,,,,,
George Blackburn,blackge01,['Smiling George'],Smiling George,,,,,
Jim Blackburn,blackji01,['Bones'],Bones,,,,,
Paul Blackburn,blackpa01,['Blackie'],Blackie,,,,,
Lena Blackburne,blackle01,['Slats'],Slats,,,,,
Charlie Blackmon,blackch02,['Chuck Nazty'],Chuck Nazty,,,,,
Ewell Blackwell,blackew01,['The Whip'],The Whip,,,,,
Clarence Blair,blairfo01,['Footsie'],Footsie,,,,,
Paul Blair,blairpa01,['Motormouth'],Motormouth,,,,,
Walter Blair,blairwa01,['Heavy'],Heavy,,,,,
Andres Blanco,blancan01,['Whitey'],Whitey,,,,,
Gil Blanco,blancgi01,['Bambi'],Bambi,,,,,
Gregor Blanco,blancgr01,['White Shark'],White Shark,,,,,
Henry Blanco,blanche01,"['Hank White', 'Big Worm']",Hank White,Big Worm,,,,
Fred Blanding,blandfr01,['Fritz'],Fritz,,,,,
Alex Blandino,blandal01,['Blandy'],Blandy,,,,,
Homer Blankenship,blankho01,['Si'],Si,,,,,
Larvell Blanks,blankla01,['Sugar Bear'],Sugar Bear,,,,,
Joe Blanton,blantjo01,['Joe B'],Joe B,,,,,
Jabari Blash,blashja01,['Big Daddy'],Big Daddy,,,,,
Don Blasingame,blasido01,['Blazer'],Blazer,,,,,
Michael Blazek,blazemi01,['Jus Blaze'],Jus Blaze,,,,,
Curt Blefary,blefacu01,['Clank'],Clank,,,,,
Richard Bleier,bleieri01,"['Dickie B.', 'Dick']",Dickie B.,Dick,,,,
Clarence Blethen,blethcl01,['Climax'],Climax,,,,,
Jerry Blevins,blevije01,"['Blev', 'Gordo', 'Jer-ry Jer-ry Jer-ry']",Blev,Gordo,Jer-ry Jer-ry Jer-ry,,,
Ron Blomberg,blombro01,['Boomer'],Boomer,,,,,
Willie Bloomquist,bloomwi01,['Spork'],Spork,,,,,
Otto Bluege,bluegot01,['Squeaky'],Squeaky,,,,,
Bert Blyleven,blylebe01,['Frying Dutchman'],Frying Dutchman,,,,,
Doug Bochtler,bochtdo01,['Balk'],Balk,,,,,
Bruce Bochy,bochybr01,['Boch'],Boch,,,,,
Joe Boever,boevejo01,['Boever the Saver'],Boever the Saver,,,,,
Xander Bogaerts,bogaexa01,"['Bogey', 'X', 'Bogie']",Bogey,X,Bogie,,,
John Bogart,bogarjo01,['Big John'],Big John,,,,,
Ray Boggs,boggsra01,['Lefty'],Lefty,,,,,
Wade Boggs,boggswa01,['Chicken Man'],Chicken Man,,,,,
Charlie Bold,boldch01,['Dutch'],Dutch,,,,,
Bill Bolden,boldebi01,['Big Bill'],Big Bill,,,,,
Jim Bolger,bolgeji01,['Dutch'],Dutch,,,,,
Cecil Bolton,boltoce01,['Glenn'],Glenn,,,,,
Ricky Bones,bonesri01,['Bone'],Bone,,,,,
Hank Boney,boneyha01,['Haney'],Haney,,,,,
Jorge Bonifacio,bonifjo01,['El Boni'],El Boni,,,,,
Bobby Bonilla,bonilbo01,['Bobby-Bo'],Bobby-Bo,,,,,
Lisalverto Bonilla,bonilli01,['Papi Bog'],Papi Bog,,,,,
Luther Bonin,boninlu01,['Bonnie'],Bonnie,,,,,
Barry Bonnell,bonneba01,['Preacher'],Preacher,,,,,
Bill Bonness,bonnebi01,['Lefty'],Lefty,,,,,
Rod Booker,bookero01,['Book'],Book,,,,,
Luke Boone,boonelu01,['Danny'],Danny,,,,,
Ray Boone,boonera01,['Ike'],Ike,,,,,
Amos Booth,bootham01,['Darling'],Darling,,,,,
George Borchers,borchge01,['Chief'],Chief,,,,,
Paul Boris,borispa01,"['Bo', 'Lone Ranger']",Bo,Lone Ranger,,,,
Bob Borkowski,borkobo01,['Bush'],Bush,,,,,
Tom Borland,borlato01,['Spike'],Spike,,,,,
Chris Bosio,bosioch01,['Wizard'],Wizard,,,,,
Harley Boss,bossha01,['Lefty'],Lefty,,,,,
Lyman Bostock,bostoly01,['Abdul Jibber-Jabber'],Abdul Jibber-Jabber,,,,,
Daryl Boston,bostoda01,['Debo'],Debo,,,,,
David Bote,boteda01,['Boat'],Boat,,,,,
Ricky Bottalico,bottari01,['Ricky Bo'],Ricky Bo,,,,,
Jim Bottomley,bottoji01,['Sunny Jim'],Sunny Jim,,,,,
Al Boucher,bouchal01,['Bo'],Bo,,,,,
Lou Boudreau,boudrlo01,"['Old Shufflefoot', 'Handsome Lou', 'The Good Kid']",Old Shufflefoot,Handsome Lou,The Good Kid,,,
Justin Bour,bourju01,"['Papito', 'Bourtobello Crushroom', 'JB']",Papito,Bourtobello Crushroom,JB,,,
Peter Bourjos,bourjpe01,"['Needler', 'Gorgeous', 'Fleet Pete']",Needler,Gorgeous,Fleet Pete,,,
Jim Bouton,boutoji01,['Bulldog'],Bulldog,,,,,
Larry Bowa,bowala01,"['Gnat', 'Bo', 'Pee Wee']",Gnat,Bo,Pee Wee,,,
Frank Bowerman,bowerfr01,['Mike'],Mike,,,,,
Stew Bowers,bowerst01,['Doc'],Doc,,,,,
Grant Bowler,bowlegr01,['Moose'],Moose,,,,,
Emmett Bowles,bowleem01,['Chief'],Chief,,,,,
Weldon Bowlin,bowliwe01,['Hoss'],Hoss,,,,,
Elmer Bowman,bowmael01,['Big Bow'],Big Bow,,,,,
Brad Boxberger,boxbebr01,['Box'],Box,,,,,
Bob Boyd,boydbo01,['Rope'],Rope,,,,,
Matthew Boyd,boydma01,['Matty B'],Matty B,,,,,
Oil Can Boyd,boydoi01,['Oil Can'],Oil Can,,,,,
Blaine Boyer,boyerbl01,"['Grande Rojo', 'Blazer']",Grande Rojo,Blazer,,,,
Cloyd Boyer,boyercl01,['Junior'],Junior,,,,,
Henry Boyle,boylehe01,['Handsome Henry'],Handsome Henry,,,,,
Jack Boyle,boyleja01,['Honest Jack'],Honest Jack,,,,,
Harry Boyles,boyleha01,['Stretch'],Stretch,,,,,
Brad Brach,brachbr01,['B-Rad'],B-Rad,,,,,
Silvino Bracho,brachsi01,['Braaach'],Braaach,,,,,
Chasen Bradford,bradfch02,['Black Bear'],Black Bear,,,,,
Archie Bradley,bradlar01,"['Hollywood', 'Crash Landing']",Hollywood,Crash Landing,,,,
George Bradley,bradlge01,['Grin'],Grin,,,,,
Hugh Bradley,bradlhu01,['Corns'],Corns,,,,,
Jackie Bradley Jr.,bradlja02,['JBJ'],JBJ,,,,,
Dallas Bradshaw,bradsda01,['Windy'],Windy,,,,,
Bill Brady,bradybi01,['King'],King,,,,,
Jim Brady,bradyji01,['Diamond Jim'],Diamond Jim,,,,,
Michael Brady,bradymi01,['Sleepy'],Sleepy,,,,,
Bobby Bragan,bragabo01,['Nig'],Nig,,,,,
Asa Brainard,brainas01,['Count'],Count,,,,,
Ralph Branca,brancra01,['Hawk'],Hawk,,,,,
Al Brancato,brancal01,['Bronk'],Bronk,,,,,
Norm Branch,brancno01,['Red'],Red,,,,,
Darrell Brandon,brandbu01,['Bucky'],Bucky,,,,,
Ed Brandt,branded01,['Big Ed'],Big Ed,,,,,
Jeff Branson,bransje01,['Brano'],Brano,,,,,
Michael Brantley,brantmi02,"['Dr. Smooth', 'Junior', 'Champ', 'Uncle Mike']",Dr. Smooth,Junior,Champ,Uncle Mike,,
Russell Branyan,branyru01,['Russell the Muscle'],Russell the Muscle,,,,,
Joe Bratcher,bratcjo01,['Goobers'],Goobers,,,,,
Fred Bratschi,bratsfr01,['Fritz'],Fritz,,,,,
Ryan Braun,braunry02,"['Hebrew Hammer', 'Ocho']",Hebrew Hammer,Ocho,,,,
Al Brazle,brazlal01,['Cotton'],Cotton,,,,,
Harry Brecheen,brechha01,['Harry The Cat'],Harry The Cat,,,,,
Alex Bregman,bregmal01,"['A-Breg', 'Breggy']",A-Breg,Breggy,,,,
Theodore Breitenstein,breitte01,['Theo'],Theo,,,,,
Brandon Brennan,brennbr01,['B2'],B2,,,,,
Tom Brennan,brennto01,['Gray Flamingo'],Gray Flamingo,,,,,
Bert Brenner,brennbe01,['Dutch'],Dutch,,,,,
Lynn Brenton,brently01,"['Buck', 'Herb']",Buck,Herb,,,,
Roger Bresnahan,bresnro01,['The Duke Of Tralee'],The Duke Of Tralee,,,,,
George Brett,brettge01,['Mullet'],Mullet,,,,,
Herbert Brett,bretthe01,['Duke'],Duke,,,,,
Ken Brett,brettke01,['Kemer'],Kemer,,,,,
Marv Breuer,breuema01,['Baby Face'],Baby Face,,,,,
Colten Brewer,breweco01,['Brewski'],Brewski,,,,,
Jack Brewer,breweja01,['Buddy'],Buddy,,,,,
Austin Brice,briceau01,['Bear'],Bear,,,,,
Jose Briceno,bricejo01,['Ore'],Ore,,,,,
Ralph Brickner,brickra01,['Brick'],Brick,,,,,
Marshall Bridges,bridgma01,"['Fox', 'Sheriff']",Fox,Sheriff,,,,
Parker Bridwell,bridwpa01,['PBrid'],PBrid,,,,,
Greg Briley,brilegr01,['Pee Wee'],Pee Wee,,,,,
Bill Brinker,brinkbi01,['Dode'],Dode,,,,,
Lewis Brinson,brinsle01,"['Brin Diesel', 'Sweet Lew']",Brin Diesel,Sweet Lew,,,,
Fatty Briody,briodfa01,['Alderman'],Alderman,,,,,
Zack Britton,brittza01,"['Brit', 'Anglada', 'With A K']",Brit,Anglada,With A K,,,
Mike Broadway,broadmi01,['Bone Crusher'],Bone Crusher,,,,,
Doug Brocail,brocado01,['Broke'],Broke,,,,,
Lou Brock,brocklo01,"['The Franchise', 'The Rocket']",The Franchise,The Rocket,,,,
King Brockett,brockle01,['King'],King,,,,,
Herman Bronkie,bronkhe01,['Dutch'],Dutch,,,,,
Aaron Brooks,brookaa01,['Brooksy'],Brooksy,,,,,
Scott Brosius,brosisc01,['Bro'],Bro,,,,,
Sig Broskie,brosksi01,['Chops'],Chops,,,,,
Jim Brosnan,brosnji01,['Professor'],Professor,,,,,
Mike Brosseau,brossmi01,['Frency'],Frency,,,,,
Dan Brouthers,broutda01,['Big Dan'],Big Dan,,,,,
Joe Brovia,brovijo01,['Ox'],Ox,,,,,
Frank Brower,browefr01,['Turkeyfoot'],Turkeyfoot,,,,,
Alton Brown,brownal01,['Deacon'],Deacon,,,,,
Bill Brown,brownbi01,['Verna'],Verna,,,,,
Bobby Brown,brownbo03,['Doc'],Doc,,,,,
Buster Brown,brownbu01,['Yank'],Yank,,,,,
Carroll Brown,brownbo01,['Boardwalk'],Boardwalk,,,,,
Curly Brown,browncu01,['Lefty'],Lefty,,,,,
Domonic Brown,browndo01,"['Downtown', 'Dom']",Downtown,Dom,,,,
Eddie Brown,browned02,['Glass Arm Eddie'],Glass Arm Eddie,,,,,
Elmer Brown,brownel01,['Shook'],Shook,,,,,
Hal Brown,brownha01,['Skinny'],Skinny,,,,,
Jim Brown,brownji02,"['Don', 'Mouse']",Don,Mouse,,,,
John Brown,brownjo02,['Ad'],Ad,,,,,
Lew Brown,brownle01,['Blower'],Blower,,,,,
Lindsay Brown,brownli01,['Red'],Red,,,,,
Lloyd Brown,brownll01,['Gimpy'],Gimpy,,,,,
Mordecai Brown,brownmo01,"['Three Finger', 'Miner']",Three Finger,Miner,,,,
Ollie Brown,brownol02,['Downtown'],Downtown,,,,,
Tommy Brown,brownto02,['Buckshot'],Buckshot,,,,,
William Brown,brownwi01,"['Big Bill', 'California']",Big Bill,California,,,,
Earl Browne,brownea01,['Snitz'],Snitz,,,,,
Jerry Browne,brownje01,['The Governor'],The Governor,,,,,
Frank Browning,brownfr02,['Dutch'],Dutch,,,,,
Pete Browning,brownpe01,['Gladiator'],Gladiator,,,,,
Keon Broxton,broxtke01,"['Fla Boy', 'C.J.']",Fla Boy,C.J.,,,,
Jay Bruce,bruceja01,['Bruuuce'],Bruuuce,,,,,
Jaycob Brugman,brugmja01,['Bruggy'],Bruggy,,,,,
Tom Brunansky,brunato01,['Bruno'],Bruno,,,,,
George Brunet,brunege01,"['Lefty', 'Red']",Lefty,Red,,,,
Don Bryant,bryando01,['Bear'],Bear,,,,,
Kris Bryant,bryankr01,"['Sparkles', 'Silk', 'KB']",Sparkles,Silk,KB,,,
Brian Buchanan,buchabr01,['Buck'],Buck,,,,,
Jake Buchanan,buchaja01,['Buck'],Buck,,,,,
Clay Buchholz,buchhcl01,"['Flaco', 'Buck']",Flaco,Buck,,,,
Ryan Buchter,buchtry01,"['Book', '5 Deuce']",Book,5 Deuce,,,,
Garland Buckeye,buckega01,['Gob'],Gob,,,,,
Jess Buckles,bucklje01,['Jim'],Jim,,,,,
Bill Buckner,bucknbi01,['Billy Buck'],Billy Buck,,,,,
Steve Buechele,buechst01,['Boo'],Boo,,,,,
Walker Buehler,buehlwa01,"['Buehtane', 'Ferris']",Buehtane,Ferris,,,,
Jay Buhner,buhneja01,['Bone'],Bone,,,,,
Henry Buker,bukerha01,['Happy'],Happy,,,,,
George Bullard,bullage01,['Curly'],Curly,,,,,
Sim Bullas,bullasi01,['Bullets'],Bullets,,,,,
Terry Bulling,bullibu01,['Bud'],Bud,,,,,
Al Bumbry,bumbral01,['The Bee'],The Bee,,,,,
Madison Bumgarner,bumgama01,['MadBum'],MadBum,,,,,
Aaron Bummer,bummeaa01,['Bum'],Bum,,,,,
Dylan Bundy,bundydy01,['Dilly'],Dilly,,,,,
Jack Burdock,burdoja01,['Black Jack'],Black Jack,,,,,
Smoky Burgess,burgesm01,['Smoky'],Smoky,,,,,
Tom Burgess,burgeto01,['Tim'],Tim,,,,,
Elmer Burkart,burkael01,['Swede'],Swede,,,,,
Bobby Burke,burkebo01,['Lefty'],Lefty,,,,,
Jimmy Burke,burkeji01,['Sunset Jimmy'],Sunset Jimmy,,,,,
Les Burke,burkele01,['Buck'],Buck,,,,,
Jesse Burkett,burkeje01,['Crab'],Crab,,,,,
Rick Burleson,burleri01,['Rooster'],Rooster,,,,,
Corbin Burnes,burneco01,['Burnesy'],Burnesy,,,,,
Bill Burns,burnsbi01,['Sleepy Bill'],Sleepy Bill,,,,,
Billy Burns,burnsbi02,['Wild Bill'],Wild Bill,,,,,
Farmer Burns,burnsfa01,['Slab'],Slab,,,,,
George Burns,burnsge02,['Tioga George'],Tioga George,,,,,
Jack Burns,burnsja02,['Slug'],Slug,,,,,
Thomas Burns,burnsoy01,['Oyster'],Oyster,,,,,
Frank Burrell,burrebu01,['Buster'],Buster,,,,,
Pat Burrell,burrepa01,"['Pat the Bat', 'The Machine']",Pat the Bat,The Machine,,,,
Larry Burright,burrila01,['Possum'],Possum,,,,,
Jared Burton,burtoja01,['Jared'],Jared,,,,,
Paul Busby,busbypa01,['Red'],Red,,,,,
Steve Busby,busbyst01,['Buzz'],Buzz,,,,,
Matt Buschmann,buschma01,['Busch'],Busch,,,,,
Alan Busenitz,busenal01,"['Boozy', 'Buze']",Boozy,Buze,,,,
Bullet Joe Bush,bushjo01,['Bullet Joe'],Bullet Joe,,,,,
Guy Bush,bushgu01,['The Mississippi Mudcat'],The Mississippi Mudcat,,,,,
Matt Bush,bushma01,['Matty Ice'],Matty Ice,,,,,
Joe Buskey,buskejo01,['Jazzbow'],Jazzbow,,,,,
Mike Butcher,butchmi01,['Butch'],Butch,,,,,
Drew Butera,buterdr01,"['The Don', 'Vito']",The Don,Vito,,,,
Ed Butka,butkaed01,['Babe'],Babe,,,,,
Billy Butler,butlebi03,['Country Breakfast'],Country Breakfast,,,,,
Brett Butler,butlebr01,['Bugsy'],Bugsy,,,,,
Cecil Butler,butlece01,['Slewfoot'],Slewfoot,,,,,
Eddie Butler,butleed01,"['Red Beard', 'Spaghetti']",Red Beard,Spaghetti,,,,
Frank Butler,butlefr01,"['Stuffy', 'Goldbrick']",Stuffy,Goldbrick,,,,
Frank Butler,butleki01,['Kid'],Kid,,,,,
Johnny Butler,butlejo02,['Trolley Line'],Trolley Line,,,,,
Tommy Butts,buttsto01,['Pee Wee'],Pee Wee,,,,,
Byron Buxton,buxtoby01,['Buck'],Buck,,,,,
Ralph Buxton,buxtora01,['Buck'],Buck,,,,,
Samuel Byrd,byrdsa01,"[""Babe Ruth's Legs""]",Babe Ruth's Legs,,,,,
Eric Byrnes,byrneer01,"['Crash Test Dummy', 'Pigpen']",Crash Test Dummy,Pigpen,,,,
Milt Byrnes,byrnemi01,['Skippy'],Skippy,,,,,
Enos Cabell,cabelen01,['Big E'],Big E,,,,,
Asdrubal Cabrera,cabreas01,"['Cabbie', 'Droobs', 'A-Cab', 'Chiquitin']",Cabbie,Droobs,A-Cab,Chiquitin,,
Melky Cabrera,cabreme01,"['Melk Man', 'Leche']",Melk Man,Leche,,,,
Miguel Cabrera,cabremi01,['Miggy'],Miggy,,,,,
Orlando Cabrera,cabreor01,"['O.C.', 'O-Dog']",O.C.,O-Dog,,,,
Leon Cadore,cadorle01,['Caddy'],Caddy,,,,,
Forrest Cady,cadyhi01,['Hick'],Hick,,,,,
Joe Caffie,caffijo01,['Rabbit'],Rabbit,,,,,
John Cahill,cahiljo01,['Patsy'],Patsy,,,,,
Trevor Cahill,cahiltr01,"['Big Trev', 'T.C.']",Big Trev,T.C.,,,,
Bob Cain,cainbo01,['Sugar'],Sugar,,,,,
Lorenzo Cain,cainlo01,"['CrunchWrap', 'LoCain', 'Three Kid$']",CrunchWrap,LoCain,Three Kid$,,,
Matt Cain,cainma01,"['The Horse', 'Big Sugar']",The Horse,Big Sugar,,,,
George Caithamer,caithge01,['Sidee'],Sidee,,,,,
Charlie Caldwell,caldwch01,['Chuck'],Chuck,,,,,
Earl Caldwell,caldwea01,['Teach'],Teach,,,,,
Mike Caldwell,caldwmi01,['Mr. Warmth'],Mr. Warmth,,,,,
Ralph Caldwell,caldwra01,['Lefty'],Lefty,,,,,
Ray Caldwell,caldwra02,"['Rube', 'Sum', 'Slim']",Rube,Sum,Slim,,,
Bill Calhoun,calhobi01,['Mary'],Mary,,,,,
Jack Calhoun,calhoja01,['Red'],Red,,,,,
Kole Calhoun,calhoko01,"['Red Baron', 'Koleman', 'Koleski']",Red Baron,Koleman,Koleski,,,
Willie Calhoun,calhowi01,"['June', 'Osito']",June,Osito,,,,
Jim Callahan,callaji02,['Red'],Red,,,,,
Jimmy Callahan,callani01,['Nixey'],Nixey,,,,,
Ray Callahan,callara01,['Pat'],Pat,,,,,
Mickey Callaway,callami01,['Mick'],Mick,,,,,
Johan Camargo,camarjo01,"['JC', 'S.N.T.O.']",JC,S.N.T.O.,,,,
Jack Cameron,camerja01,['Happy Jack'],Happy Jack,,,,,
Mike Cameron,camermi01,['Cammy'],Cammy,,,,,
Howie Camnitz,camniho01,['Red'],Red,,,,,
Howie Camp,campho01,['Red'],Red,,,,,
Roy Campanella,camparo01,['Campy'],Campy,,,,,
Bert Campaneris,campabe01,['Campy'],Campy,,,,,
Archie Campbell,campbar01,['Iron Man'],Iron Man,,,,,
Bill Campbell,campbbi02,['Soup'],Soup,,,,,
Bruce Campbell,campbbr01,['Soupy'],Soupy,,,,,
Dave Campbell,campbda01,['Soup'],Soup,,,,,
Eric Campbell,campber01,['Soup'],Soup,,,,,
Hugh Canavan,canavhu01,['Hugo'],Hugo,,,,,
John Candelaria,candejo01,['Candy Man'],Candy Man,,,,,
Jeimer Candelario,candeje01,"['Candy', 'Baby Ruth']",Candy,Baby Ruth,,,,
Tom Candiotti,candito01,['Cotton'],Cotton,,,,,
Mark Canha,canhama01,['Tom Ace'],Tom Ace,,,,,
Wirt Cannell,canneri01,['Rip'],Rip,,,,,
Griffin Canning,cannigr01,['Griff'],Griff,,,,,
Joe Cannon,cannojo01,['J.J.'],J.J.,,,,,
Robinson Cano,canoro01,"['Robbie', ""Don't You Know"", 'Nolo']",Robbie,Don't You Know,Nolo,,,
Jose Canseco,cansejo01,['The Chemist'],The Chemist,,,,,
Joe Cantillon,cantijo99,['Pongo Joe'],Pongo Joe,,,,,
Guy Cantrell,cantrgu01,['Gunner'],Gunner,,,,,
Nick Capra,caprani01,['Cappy'],Cappy,,,,,
Victor Caratini,caratvi01,['Vic'],Vic,,,,,
Jose Cardenal,cardejo02,['Junior'],Junior,,,,,
Leo Cardenas,cardele01,"['Chico', 'Mr. Automatic']",Chico,Mr. Automatic,,,,
Conrad Cardinal,cardico01,['Randy'],Randy,,,,,
Ben Cardoni,cardobe01,['Big Ben'],Big Ben,,,,,
Stephen Cardullo,cardust01,['Dullo'],Dullo,,,,,
George Carey,careysc01,['Scoops'],Scoops,,,,,
Max Carey,careyma01,['Scoops'],Scoops,,,,,
Tom Carey,careyto02,['Scoops'],Scoops,,,,,
Shane Carle,carlesh01,['Shugga'],Shugga,,,,,
Walter Carlisle,carliwa01,['Rosy'],Rosy,,,,,
Leon Carlson,carlsle01,['Swede'],Swede,,,,,
Albin Carlstrom,carlssw01,['Swede'],Swede,,,,,
Steve Carlton,carltst01,['Lefty'],Lefty,,,,,
Roy Carlyle,carlyro01,['Dizzy'],Dizzy,,,,,
Eddie Carnett,carneed01,['Lefty'],Lefty,,,,,
Jack Carney,carnejo01,['Handsome Jack'],Handsome Jack,,,,,
Pat Carney,carnepa01,['Doc'],Doc,,,,,
Matt Carpenter,carpema01,['Carp'],Carp,,,,,
Carlos Carrasco,carraca01,['Cookie'],Cookie,,,,,
Ezequiel Carrera,carreez01,['Zeke'],Zeke,,,,,
Clemente Carreras,carrecl01,['Sungo'],Sungo,,,,,
Bill Carrick,carribi01,['Doughnut Bill'],Doughnut Bill,,,,,
Bill Carrigan,carribi02,['Rough'],Rough,,,,,
Clay Carroll,carrocl02,['Hawk'],Hawk,,,,,
Cody Carroll,carroco01,['CC'],CC,,,,,
Dick Carroll,carrodi01,['Shadow'],Shadow,,,,,
John Carroll,carrosc01,['Scrappy'],Scrappy,,,,,
Ralph Carroll,carrodo01,['Red'],Red,,,,,
Al Carson,carsoal01,['Soldier'],Soldier,,,,,
Arnold Carter,cartear01,"['Hook', 'Lefty']",Hook,Lefty,,,,
Chris Carter,cartech01,['Animal'],Animal,,,,,
Chris Carter,cartech02,['Rhino'],Rhino,,,,,
Evan Carter,carteev01,['Full Count Carter'],Full Count Carter,,,,,
Gary Carter,cartega01,['Kid'],Kid,,,,,
Paul Carter,cartepa01,['Nick'],Nick,,,,,
Sol Carter,carteso01,['Buck'],Buck,,,,,
Alexander Cartwright,cartwal99,['Alick'],Alick,,,,,
Ed Cartwright,cartwed01,['Jumbo'],Jumbo,,,,,
Rico Carty,cartyri01,['Beeg Boy'],Beeg Boy,,,,,
Bob Caruthers,carutbo01,['Parisian Bob'],Parisian Bob,,,,,
Scott Cary,carysc01,['Red'],Red,,,,,
Curt Casali,casalcu01,['Cas'],Cas,,,,,
Joe Cascarella,cascajo01,['Crooning Joe'],Crooning Joe,,,,,
Hugh Casey,caseyhu01,['Fireman'],Fireman,,,,,
James Casey,caseydo01,['Doc'],Doc,,,,,
Sean Casey,caseyse01,['The Mayor'],The Mayor,,,,,
Dave Cash,cashda01,['Action Dog'],Action Dog,,,,,
Norm Cash,cashno01,"[""Stormin' Norman""]",Stormin' Norman,,,,,
Andrew Cashner,cashnan01,['Cash'],Cash,,,,,
Santiago Casilla,garcija01,['Willi'],Willi,,,,,
Jack Cassini,cassija01,"['Gabby', 'Scat']",Gabby,Scat,,,,
Nick Castellanos,casteni01,['Artist'],Artist,,,,,
George Caster,castege01,['Ug'],Ug,,,,,
Alberto Castillo,castial01,['Bambi'],Bambi,,,,,
Diego Castillo,castidi01,['Samana'],Samana,,,,,
Jose Castillo,castijo03,['Big Dude'],Big Dude,,,,,
Luis Castillo,castilu02,['La Piedra'],La Piedra,,,,,
Max Castillo,castima03,['La Papa'],La Papa,,,,,
Welington Castillo,castiwe01,['Beef'],Beef,,,,,
Paul Castner,castnpa01,['Lefty'],Lefty,,,,,
Harold Castro,castrha01,"[""Hittin' Harold"", 'Casty']",Hittin' Harold,Casty,,,,
Jason Castro,castrja01,['Stro'],Stro,,,,,
Juan Castro,castrju01,['One'],One,,,,,
Lou Castro,castrlu01,['Jud'],Jud,,,,,
Miguel Castro,castrmi01,"['Come Hombre', 'Ni', 'Villa Hermosa']",Come Hombre,Ni,Villa Hermosa,,,
Rodolfo Castro,castrro01,['Rudy'],Rudy,,,,,
Starlin Castro,castrst01,['All-Starlin'],All-Starlin,,,,,
Hardin Cathey,catheha01,['Lil Abner'],Lil Abner,,,,,
Howdy Caton,catonho01,['Buster'],Buster,,,,,
Bill Caudill,caudibi01,"['Inspector', 'Cuffs']",Inspector,Cuffs,,,,
Red Causey,causere01,['The Florida Flamingo'],The Florida Flamingo,,,,,
Phil Cavarretta,cavarph01,['Philliabuck'],Philliabuck,,,,,
Jake Cave,caveja01,['Caveman'],Caveman,,,,,
Art Ceccarelli,ceccaar01,['Chic'],Chic,,,,,
Garin Cecchini,cecchga01,['Cheech'],Cheech,,,,,
Gavin Cecchini,cecchga02,['Cheech'],Cheech,,,,,
Brett Cecil,cecilbr01,['Squints'],Squints,,,,,
Xavier Cedeno,cedenxa01,['X'],X,,,,,
Orlando Cepeda,cepedor01,"['Cha Cha', 'Baby Bull']",Cha Cha,Baby Bull,,,,
Francisco Cervelli,cervefr01,['Cisco'],Cisco,,,,,
Yoenis Cespedes,cespeyo01,"['La Potencia', 'El Talento']",La Potencia,El Talento,,,,
Luis Cessa,cessalu01,"['Quique', 'Kike']",Quique,Kike,,,,
Ron Cey,ceyro01,['Penguin'],Penguin,,,,,
Jhoulys Chacin,chacijh01,['Makina'],Makina,,,,,
Andrew Chafin,chafian01,['The Sheriff'],The Sheriff,,,,,
Bob Chakales,chakabo01,['The Golden Greek'],The Golden Greek,,,,,
George Chalmers,chalmge01,['Dut'],Dut,,,,,
Ice Box Chamberlain,chambel01,['Icebox'],Icebox,,,,,
Cliff Chambers,chambcl01,['Lefty'],Lefty,,,,,
Frank Chance,chancfr01,"['Husk', 'The Peerless Leader']",Husk,The Peerless Leader,,,,
Les Channell,channle01,"['Goat', 'Gint']",Goat,Gint,,,,
Ed Chaplin,chapled01,['Chappy'],Chappy,,,,,
Aroldis Chapman,chapmar01,"['Cuban Missile', 'The Missile']",Cuban Missile,The Missile,,,,
Fred Chapman,chapmfr02,['Chappie'],Chappie,,,,,
Glenn Chapman,chapmgl01,['Pete'],Pete,,,,,
Jack Chapman,chapmja01,['Death To Flying Things'],Death To Flying Things,,,,,
Matt Chapman,chapmma01,"['Chappy', 'Pegasus', 'Hurtado']",Chappy,Pegasus,Hurtado,,,
Bill Chappelle,chappbi01,['Big Bill'],Big Bill,,,,,
Joe Charboneau,charbjo01,"['Super Joe', ""Joltin' Joe"", 'Bazooka Joe']",Super Joe,Joltin' Joe,Bazooka Joe,,,
JT Chargois,chargjt01,['Shag'],Shag,,,,,
Ed Charles,charled01,"['Ez', 'The Poet', 'The Glider']",Ez,The Poet,The Glider,,,
Raymond Charles,charlch01,['Chappy'],Chappy,,,,,
Norm Charlton,charlno01,['The Sheriff'],The Sheriff,,,,,
Mike Chartak,chartmi01,['Shotgun'],Shotgun,,,,,
Hal Chase,chaseha01,['Prince Hal'],Prince Hal,,,,,
Ken Chase,chaseke01,['Lefty'],Lefty,,,,,
Tyler Chatwood,chatwty01,['Chatty'],Chatty,,,,,
Eric Chavez,chaveer01,['Chavvy'],Chavvy,,,,,
Jesse Chavez,chaveje01,"['Flaco', 'Dado', 'Shayvez']",Flaco,Dado,Shayvez,,,
Michael Chavis,chavimi01,"['Ice Horse', 'Chief']",Ice Horse,Chief,,,,
Virgil Cheeves,cheevvi01,['Chief'],Chief,,,,,
Italo Chelini,cheliit01,"['Chilly', 'Lefty']",Chilly,Lefty,,,,
Wei-Yin Chen,chenwe02,['Weigh-In'],Weigh-In,,,,,
Jack Chesbro,chesbja01,['Happy Jack'],Happy Jack,,,,,
Pearce Chiles,chilepe01,"[""What's The Use""]",What's The Use,,,,,
Bob Chipman,chipmbo01,['Mr. Chips'],Mr. Chips,,,,,
Robinson Chirinos,chiriro01,['Pelo Buche'],Pelo Buche,,,,,
Yonny Chirinos,chiriyo01,['Yonito'],Yonito,,,,,
Lonnie Chisenhall,chiselo01,"['Lonnie Baseball', 'The Chiz Kid', 'Big Lon']",Lonnie Baseball,The Chiz Kid,Big Lon,,,
Ji Man Choi,choiji01,"['Ji', 'G-Money']",Ji,G-Money,,,,
Shin-Soo Choo,choosh01,"['Tokki 1', 'Korean Kid']",Tokki 1,Korean Kid,,,,
Bill Chouneau,chounch01,['Nitchie'],Nitchie,,,,,
Lloyd Christenbury,chrisll01,['Low'],Low,,,,,
Walter Christensen,chriscu01,"['Seacap', 'Cuckoo']",Seacap,Cuckoo,,,,
Larry Ciaffone,ciaffla01,['Symphony Larry'],Symphony Larry,,,,,
Joe Cicero,cicerjo01,['Dody'],Dody,,,,,
Al Cicotte,cicotal01,['Bozo'],Bozo,,,,,
Eddie Cicotte,cicoted01,['Knuckles'],Knuckles,,,,,
Ed Cihocki,cihoced01,['Cy'],Cy,,,,,
Adam Cimber,cimbead01,"['Cim', 'Cimdog Millionaire']",Cim,Cimdog Millionaire,,,,
Tony Cingrani,cingrto01,['Grani'],Grani,,,,,
Steve Cishek,cishest01,['Speedpass'],Speedpass,,,,,
Jose Cisnero,cisnejo01,['Gui'],Gui,,,,,
Bobby Clack,clackbo01,['Gentlemanly Bob'],Gentlemanly Bob,,,,,
Eucal Clanton,clantuk01,"['Cat', 'Uke']",Cat,Uke,,,,
Bryan Clark,clarkbr01,['Gas Can'],Gas Can,,,,,
Dad Clark,clarkda03,['Fred'],Fred,,,,,
Dave Clark,clarkda05,['Clarkie'],Clarkie,,,,,
Harry Clark,clarkpe01,['Pep'],Pep,,,,,
Jack Clark,clarkja01,['Jack the Ripper'],Jack the Ripper,,,,,
Roy Clark,clarkro01,['Pepper'],Pepper,,,,,
Tony Clark,clarkto02,['Tony the Tiger'],Tony the Tiger,,,,,
Watson Clark,clarkwa02,"['Lefty', 'Watty']",Lefty,Watty,,,,
Will Clark,clarkwi02,['The Thrill'],The Thrill,,,,,
Willie Clark,clarkwi01,['Wee Willie'],Wee Willie,,,,,
Fred Clarke,clarkfr01,['Cap'],Cap,,,,,
Grey Clarke,clarkgr01,['Noisy'],Noisy,,,,,
Horace Clarke,clarkho01,['Hoss'],Hoss,,,,,
Josh Clarke,clarkjo02,['Pepper'],Pepper,,,,,
Taylor Clarke,clarkta01,['Clarkey'],Clarkey,,,,,
William Clarke,clarkbo02,['Boileryard'],Boileryard,,,,,
Bill Clarkson,clarkbi02,['Blackie'],Blackie,,,,,
Buster Clarkson,clarkbu01,"['Bus', 'Buzz']",Bus,Buzz,,,,
Ellis Clary,claryel01,['Cat'],Cat,,,,,
Gowell Claset,clasego01,['Lefty'],Lefty,,,,,
Alex Claudio,claudal01,"['Chomo', 'AC']",Chomo,AC,,,,
Al Clauss,clausal01,['Lefty'],Lefty,,,,,
Dain Clay,clayda01,"['Sniffy', 'Ding-A-Ling']",Sniffy,Ding-A-Ling,,,,
Joe Cleary,clearjo01,['Fire'],Fire,,,,,
Clem Clemens,clemecl01,['Count'],Count,,,,,
Roger Clemens,clemero02,"['Rocket', 'The Texas Con Man']",Rocket,The Texas Con Man,,,,
Roberto Clemente,clemero01,"['Arriba', 'The Great One']",Arriba,The Great One,,,,
Verne Clemons,clemove01,"['Stinger', 'Tubby']",Stinger,Tubby,,,,
Donn Clendenon,clenddo01,['Clink'],Clink,,,,,
Mike Clevinger,clevimi01,['Sunshine'],Sunshine,,,,,
Harlond Clift,cliftha01,['Darkie'],Darkie,,,,,
Jim Clinton,clintji01,['Big Jim'],Big Jim,,,,,
Tyler Clippard,clippty01,"['Clip', 'The Yankee Clippard']",Clip,The Yankee Clippard,,,,
Ed Clough,clouged01,"['Big Ed', 'Spec']",Big Ed,Spec,,,,
Bill Clymer,clymebi01,['Derby Day Bill'],Derby Day Bill,,,,,
Jim Coates,coateji01,['Mummy'],Mummy,,,,,
Alex Cobb,cobbal01,['Swan'],Swan,,,,,
Ty Cobb,cobbty01,['The Georgia Peach'],The Georgia Peach,,,,,
Goat Cochran,cochrgo01,"['Al', 'Goat']",Al,Goat,,,,
Mickey Cochrane,cochrmi01,['Black Mike'],Black Mike,,,,,
George Coffman,coffmsl01,['Slick'],Slick,,,,,
Alta Cohen,cohenal01,['Schoolboy'],Schoolboy,,,,,
Gerrit Cole,colege01,['Cole Train'],Cole Train,,,,,
Stu Cole,colest01,['The Doctor'],The Doctor,,,,,
Taylor Cole,coleta01,['T.C.'],T.C.,,,,,
Choo-Choo Coleman,colemch01,['Choo-Choo'],Choo-Choo,,,,,
Dusty Coleman,colemdu01,['D-Man'],D-Man,,,,,
Louis Coleman,colemlo01,['Harold'],Harold,,,,,
Michael Coleman,colemmi01,['Prime Time'],Prime Time,,,,,
Vince Coleman,colemvi01,['Vincent Van Go'],Vincent Van Go,,,,,
Darnell Coles,colesda01,['DC'],DC,,,,,
Harry Colliflower,colliha01,['Collie'],Collie,,,,,
Eddie Collins,collied01,['Cocky'],Cocky,,,,,
Kevin Collins,collike01,['Casey'],Casey,,,,,
Orth Collins,collior01,['Buck'],Buck,,,,,
Phil Collins,colliph01,['Fidgety Phil'],Fidgety Phil,,,,,
Terry Collins,collite99,['TC'],TC,,,,,
Josh Collmenter,collmjo01,['Tomahawk'],Tomahawk,,,,,
Alex Colome,colomal01,['The Horse'],The Horse,,,,,
Bartolo Colon,colonba01,"['Big Bart', 'Big Sexy', 'Morales']",Big Bart,Big Sexy,Morales,,,
Christian Colon,colonch01,['CC'],CC,,,,,
Earle Combs,combsea01,['The Kentucky Colonel'],The Kentucky Colonel,,,,,
Jorge Comellas,comeljo01,['Pancho'],Pancho,,,,,
Charlie Comiskey,comisch01,"['Commy', 'The Old Roman']",Commy,The Old Roman,,,,
Jim Command,commaji01,"['Igor', 'Gor']",Igor,Gor,,,,
Pete Compton,comptpe01,['Bash'],Bash,,,,,
Ralph Comstock,comstra01,['Commy'],Commy,,,,,
Clint Conatser,conatcl01,['Connie'],Connie,,,,,
Ramon Conde,condera01,['Wito'],Wito,,,,,
David Cone,coneda01,['Coney'],Coney,,,,,
Michael Conforto,confomi01,"['Scooter', 'Forto']",Scooter,Forto,,,,
Tony Conigliaro,conigto01,['Tony C.'],Tony C.,,,,,
Jeff Conine,coninje01,"['Nine', 'Mr. Marlin']",Nine,Mr. Marlin,,,,
Allen Conkwright,conkwal01,['Red'],Red,,,,,
Adam Conley,conlead01,['ACon'],ACon,,,,,
Bill Connelly,connebi01,['Wild Bill'],Wild Bill,,,,,
Bud Connolly,connobu01,['Mike'],Mike,,,,,
Joe Connolly,connojo05,['Coaster Joe'],Coaster Joe,,,,,
Tom Connolly,connoto01,"['Blackie', 'Ham']",Blackie,Ham,,,,
Chuck Connors,connoch01,['The Rifleman'],The Rifleman,,,,,
Theodore Conover,conovte01,['Huck'],Huck,,,,,
Bill Conroy,conrobi01,['Pep'],Pep,,,,,
Jim Constable,constji01,['Sheriff'],Sheriff,,,,,
William Contreras,contrwi02,"['Willy', 'Killer']",Willy,Killer,,,,
Willson Contreras,contrwi01,"['Willy', 'Willy the Beast', 'Venezuela']",Willy,Willy the Beast,Venezuela,,,
Ed Conwell,conweed01,['Irish'],Irish,,,,,
Duff Cooley,cooledu01,"['Sir Richard', 'Dick']",Sir Richard,Dick,,,,
Jack Coombs,coombja01,['Colby Jack'],Colby Jack,,,,,
Bill Cooney,coonebi01,['Cush'],Cush,,,,,
Jimmy Cooney,cooneji02,['Scoops'],Scoops,,,,,
Sam Coonrod,coonrsa01,['Coach'],Coach,,,,,
Andy Cooper,coopean99,['Lefty'],Lefty,,,,,
Don Cooper,coopedo01,['Coop'],Coop,,,,,
Garrett Cooper,coopega03,['Coopaloop'],Coopaloop,,,,,
Guy Cooper,coopegu01,['Rebel'],Rebel,,,,,
Walker Cooper,coopewa01,['Walk'],Walk,,,,,
Patrick Corbin,corbipa01,['Corby'],Corby,,,,,
Art Corcoran,corcoar01,['Bunny'],Bunny,,,,,
Tommy Corcoran,corcoto01,"['Corky', 'Tommy the Cork']",Corky,Tommy the Cork,,,,
Ryan Cordell,cordery01,['Cordy'],Cordy,,,,,
Chad Cordero,cordech01,['the Chief'],the Chief,,,,,
Franchy Cordero,cordefr02,['Cordy'],Cordy,,,,,
Jimmy Cordero,cordeji01,['Gerard'],Gerard,,,,,
Allen Cordoba,cordoal01,['Coso'],Coso,,,,,
Ed Corey,coreyed01,['Ike'],Ike,,,,,
Roy Corhan,corharo01,['Irish'],Irish,,,,,
John Corkhill,corkhpo01,['Pop'],Pop,,,,,
Mardie Cornejo,cornema01,['The Chief'],The Chief,,,,,
Willie Cornelius,cornewi01,['Sug'],Sug,,,,,
Pat Corrales,corrapa01,['Ike'],Ike,,,,,
Carlos Correa,correca01,"['The Captain', 'Showrrea', 'I Am Groot']",The Captain,Showrrea,I Am Groot,,,
Frank Corridon,corrifr01,['Fiddler'],Fiddler,,,,,
Nestor Cortes,cortene01,"['Hialeah Kid', 'Nasty Nestor']",Hialeah Kid,Nasty Nestor,,,,
Dan Costello,costeda01,['Dashing Dan'],Dashing Dan,,,,,
Jharel Cotton,cottojh01,['Squeaky'],Squeaky,,,,,
Bill Coughlin,coughbi01,['Scranton Bill'],Scranton Bill,,,,,
Danny Coulombe,couloda01,['Frenchie'],Frenchie,,,,,
Craig Counsell,counscr01,['Chicken'],Chicken,,,,,
Ryan Court,courtry01,['Courthouse'],Courthouse,,,,,
Clint Courtney,courtcl01,"['Scrap Iron', 'The Toy Bulldog']",Scrap Iron,The Toy Bulldog,,,,
Harry Coveleski,covelha01,['The Giant Killer'],The Giant Killer,,,,,
Stan Coveleski,covelst01,['Covey'],Covey,,,,,
Dylan Covey,coveydy01,['Cove'],Cove,,,,,
Chet Covington,covinch01,['Chesty'],Chesty,,,,,
Kaleb Cowart,cowarka01,['Pal'],Pal,,,,,
Al Cowens,cowenal01,['A. C.'],A. C.,,,,,
Frank Cox,coxfr01,['Runt'],Runt,,,,,
Zack Cozart,cozarza01,"['Coach', 'L.A. Coz']",Coach,L.A. Coz,,,,
Estel Crabtree,crabtes01,['Crabby'],Crabby,,,,,
Harry Craft,craftha01,['Wildfire'],Wildfire,,,,,
Howard Craghead,craghho01,['Judge'],Judge,,,,,
Allen Craig,craigal01,['The Wrench'],The Wrench,,,,,
George Craig,craigge01,['Lefty'],Lefty,,,,,
Roger Craig,craigro01,['Rock Hawk'],Rock Hawk,,,,,
Doc Cramer,cramedo01,['Flit'],Flit,,,,,
Ed Crane,craneed01,['Cannonball'],Cannonball,,,,,
Sam Crane,cranesa02,"['Lucky', 'Red']",Lucky,Red,,,,
Gavvy Cravath,cravaga01,"['Cactus', 'Gavvy']",Cactus,Gavvy,,,,
Brandon Crawford,crawfbr01,"['B-Craw', 'Crawdaddy', 'DJ BC Raw']",B-Craw,Crawdaddy,DJ BC Raw,,,
Carl Crawford,crawfca02,['The Perfect Storm'],The Perfect Storm,,,,,
Glenn Crawford,crawfgl01,['Shorty'],Shorty,,,,,
J.P. Crawford,crawfjp01,"['Craw', 'Crawdaddy']",Craw,Crawdaddy,,,,
Jim Crawford,crawfji01,['Catfish'],Catfish,,,,,
Sam Crawford,crawfsa01,['Wahoo Sam'],Wahoo Sam,,,,,
Pat Creeden,creedpa01,['Whoops'],Whoops,,,,,
Jack Creel,creelja01,['Tex'],Tex,,,,,
Pete Cregan,cregape01,['Peekskill Pete'],Peekskill Pete,,,,,
Bob Cremins,cremibo01,"['Lefty', 'Crooked Arm']",Lefty,Crooked Arm,,,,
Frank Crespi,crespcr01,['Creepy'],Creepy,,,,,
Walker Cress,cresswa01,['Foots'],Foots,,,,,
Kyle Crick,crickky01,['Cricky'],Cricky,,,,,
Ches Crist,cristch01,['Squak'],Squak,,,,,
Bill Cristall,cristbi01,['Lefty'],Lefty,,,,,
Kyle Crockett,crockky01,['Crock'],Crock,,,,,
Warren Cromartie,cromawa01,['Cro'],Cro,,,,,
Herb Crompton,cromphe01,['Workhorse'],Workhorse,,,,,
C.J. Cron,croncj01,"['Crony', 'Big Fella']",Crony,Big Fella,,,,
Bill Cronin,cronibi01,['Crungy'],Crungy,,,,,
Frankie Crosetti,crosefr01,['Crow'],Crow,,,,,
Frank Cross,crossfr01,['Mickey'],Mickey,,,,,
Bill Crouch,croucbi01,['Skip'],Skip,,,,,
Jack Crouch,croucja01,['Roxy'],Roxy,,,,,
Frank Croucher,croucfr01,['Dingle'],Dingle,,,,,
General Crowder,crowdal01,['General'],General,,,,,
George Crowe,crowege01,['Big George'],Big George,,,,,
Gene Crumling,crumlge01,['Lefty'],Lefty,,,,,
Hector Cruz,cruzhe01,['Heity'],Heity,,,,,
Jose Cruz,cruzjo01,['Cheo'],Cheo,,,,,
Nelson Cruz,cruzne02,['Boomstick'],Boomstick,,,,,
Rhiner Cruz,cruzrh01,['Cruezy'],Cruezy,,,,,
Tony Cuccinello,cuccito01,"['Cooch', 'Chick']",Cooch,Chick,,,,
Arthur Cuccurullo,cuccuco01,['Cookie'],Cookie,,,,,
Jim Cudworth,cudwoji01,['Cuddy'],Cuddy,,,,,
Johnny Cueto,cuetojo01,"['Johnny Beisbol', 'Cinco', 'El Jucho']",Johnny Beisbol,Cinco,El Jucho,,,
Manuel Cueto,cuetoma01,['Potato'],Potato,,,,,
Charlie Culberson,culbech01,"['Culby', 'A.C.E.S.']",Culby,A.C.E.S.,,,,
Leon Culberson,culbele01,['Lee'],Lee,,,,,
Nick Cullop,culloni02,['Tomato Face'],Tomato Face,,,,,
Bernard Culloton,cullobu01,['Bud'],Bud,,,,,
Joe Cunningham,cunnijo01,['Smokey Joe'],Smokey Joe,,,,,
Todd Cunningham,cunnito01,['Rich Homie Todd'],Rich Homie Todd,,,,,
Walter Curley,curledo01,['Doc'],Doc,,,,,
George Curry,curryge01,['Soldier Boy'],Soldier Boy,,,,,
Homer Curry,currygo01,['Goose'],Goose,,,,,
Gene Curtis,curtige01,['Eude'],Eude,,,,,
Vern Curtis,curtive01,['Turk'],Turk,,,,,
Andy Cusick,cusicto01,['Andy'],Andy,,,,,
Cheslor Cuthbert,cuthbch01,"['Piri', 'Island Boy']",Piri,Island Boy,,,,
George Cutshaw,cutshge01,"['Clancy', 'Cutty']",Clancy,Cutty,,,,
Al Cypert,cyperal01,['Cy'],Cy,,,,,
Jeff D'Amico,d'amije01,['Big Daddy'],Big Daddy,,,,,
Chase d'Arnaud,darnach01,"['Cheetah', 'Little d']",Cheetah,Little d,,,,
Travis d'Arnaud,darnatr01,['Lil D'],Lil D,,,,,
Angelo Dagres,dagrean01,['Junior'],Junior,,,,,
David Dahl,dahlda01,['Baby Dahl'],Baby Dahl,,,,,
Bill Dahlen,dahlebi01,['Bad Bill'],Bad Bill,,,,,
Jerry Dahlke,dahlkje01,['Joe'],Joe,,,,,
Hugh Daily,dailyhu01,['One Arm'],One Arm,,,,,
Tom Daley,daleyto01,['Pete'],Pete,,,,,
Dom Dallessandro,dalledo01,['Dim Dom'],Dim Dom,,,,,
Clay Dalrymple,dalrycl01,['Dimples'],Dimples,,,,,
George Daly,dalyge01,['Pecks'],Pecks,,,,,
Tom Daly,dalyto01,['Tido'],Tido,,,,,
Bill Dammann,dammabi01,['Wee Willie'],Wee Willie,,,,,
Johnny Damon,damonjo01,['Caveman'],Caveman,,,,,
Ray Dandridge,dandrra99,['Dannie'],Dannie,,,,,
Dave Danforth,danfoda01,['Dauntless Dave'],Dauntless Dave,,,,,
Jack Daniels,danieja02,['Sour Mash Jack'],Sour Mash Jack,,,,,
Pete Daniels,daniepe01,['Smiling Pete'],Smiling Pete,,,,,
Hagen Danner,danneha01,['The Ice Cream Man'],The Ice Cream Man,,,,,
Harry Danning,danniha01,['Harry The Horse'],Harry The Horse,,,,,
John Dantonio,dantofa01,['Fats'],Fats,,,,,
George Darby,darbyge01,['Deacon'],Deacon,,,,,
Cliff Daringer,darincl01,['Shanty'],Shanty,,,,,
Al Dark,darkal01,"['Blackie', 'The Swamp Fox']",Blackie,The Swamp Fox,,,,
Yu Darvish,darviyu01,['Yu-san'],Yu-san,,,,,
Danny Darwin,darwida01,"['Bonham Bullet', 'Dr. Death']",Bonham Bullet,Dr. Death,,,,
Lee Dashner,dashnle01,['Lefty'],Lefty,,,,,
Jeff Datz,datzje01,['Polar Bear'],Polar Bear,,,,,
Dan Daub,daubda01,['Mickey'],Mickey,,,,,
Brian Daubach,daubabr01,['Belleville Basher'],Belleville Basher,,,,,
Harry Daubert,daubeha01,['Jake'],Jake,,,,,
Rich Dauer,dauerri01,['Wacko'],Wacko,,,,,
Harold Daugherty,daughdo01,['Doc'],Doc,,,,,
Bob Daughters,daughbo01,['Red'],Red,,,,,
Darren Daulton,daultda01,['Dutch'],Dutch,,,,,
Pompeyo Davalillo,davalyo01,['Yo-Yo'],Yo-Yo,,,,,
Claude Davenport,davencl01,['Big Dave'],Big Dave,,,,,
Jim Davenport,davenji01,['Peanuts'],Peanuts,,,,,
Claude Davidson,davidcl01,['Davey'],Davey,,,,,
Homer Davidson,davidho01,['Divvy'],Divvy,,,,,
Matt Davidson,davidma02,['Matty D'],Matty D,,,,,
Zach Davies,davieza02,"['Bat Boy', 'Couns']",Bat Boy,Couns,,,,
Alvin Davis,davisal01,['Mr. Mariner'],Mr. Mariner,,,,,
Austin Davis,davisau01,['Big Fudge'],Big Fudge,,,,,
Bill Davis,davisbi01,['Jolly Green Giant'],Jolly Green Giant,,,,,
Bud Davis,davisbu01,['Country'],Country,,,,,
Chili Davis,davisch01,"['Chili', 'Chili Dawg']",Chili,Chili Dawg,,,,
Chris Davis,davisch02,"['Crush', 'The Big Fella']",Crush,The Big Fella,,,,
Curt Davis,daviscu01,['Coonskin'],Coonskin,,,,,
Eric Davis,daviser01,['Eric the Red'],Eric the Red,,,,,
George Davis,davisge02,['Iron'],Iron,,,,,
Harry Davis,davisha01,['Jasper'],Jasper,,,,,
Harry Davis,davisha02,['Stinky'],Stinky,,,,,
Ira Davis,davisir01,['Slats'],Slats,,,,,
J.D. Davis,davisjd01,"['Sun Bear', 'Bubbles', 'Dizzle']",Sun Bear,Bubbles,Dizzle,,,
John Davis,davisjo01,['Red'],Red,,,,,
Khris Davis,daviskh01,"['Khrush', 'KD']",Khrush,KD,,,,
Noah Davis,davisno01,['Diesel'],Diesel,,,,,
Otis Davis,davisot01,['Scat'],Scat,,,,,
Rajai Davis,davisra01,['Raj'],Raj,,,,,
Rookie Davis,davisro03,['Bill'],Bill,,,,,
Storm Davis,davisst02,"['Storm', 'Cy Clone']",Storm,Cy Clone,,,,
Taylor Davis,davista01,['BTD'],BTD,,,,,
Virgil Davis,davissp01,['Spud'],Spud,,,,,
Wade Davis,daviswa01,['Wader'],Wader,,,,,
Willie Davis,daviswi02,['3-Dog'],3-Dog,,,,,
Woody Davis,daviswo01,['Babe'],Babe,,,,,
Travis Dawkins,dawkitr01,['Gookie'],Gookie,,,,,
Andre Dawson,dawsoan01,['The Hawk'],The Hawk,,,,,
Dewon Day,dayde01,['Dewon'],Dewon,,,,,
Grant Dayton,daytogr01,['G Money'],G Money,,,,,
Yonathan Daza,dazayo01,['Canana'],Canana,,,,,
Frankie De La Cruz,delaceu01,['Frankie'],Frankie,,,,,
Jorge De La Rosa,rosajo01,['George'],George,,,,,
Rubby De La Rosa,delarru01,['La Foca'],La Foca,,,,,
Jose De Leon,deleojo03,['Pulpito'],Pulpito,,,,,
Dizzy Dean,deandi01,['The Great Man'],The Great Man,,,,,
Paul Dean,deanpa01,['Daffy'],Daffy,,,,,
Charlie DeArmond,dearmch01,['Hummer'],Hummer,,,,,
Cody Decker,deckeco01,['Antihero'],Antihero,,,,,
George Decker,deckege01,['Gentleman George'],Gentleman George,,,,,
Steve Decker,deckest01,['Deck'],Deck,,,,,
Jacob deGrom,degroja01,"['deGrominator', 'Jake', 'deGoat']",deGrominator,Jake,deGoat,,,
Herman Dehlman,dehlmhe01,['Dutch'],Dutch,,,,,
Otto Deininger,deinipe01,['Pep'],Pep,,,,,
Paul DeJong,dejonpa01,['Pauly'],Pauly,,,,,
Ed Delahanty,delahed01,['Big Ed'],Big Ed,,,,,
Frank Delahanty,delahfr01,['Pudgie'],Pudgie,,,,,
Art Delaney,delanar01,['Swede'],Swede,,,,,
Luis Delgado,delgapu01,['Puchy'],Puchy,,,,,
Randall Delgado,delgara01,['Pupi'],Pupi,,,,,
Nicky Delmonico,delmoni01,['Pup'],Pup,,,,,
Joe DeMaestri,demaejo01,"['Oats', 'Froggy']",Oats,Froggy,,,,
Billy DeMars,demarbi01,['Kid'],Kid,,,,,
John DeMerit,demerjo01,['Thumper'],Thumper,,,,,
Rick Dempsey,dempsri01,['The Dipper'],The Dipper,,,,,
Otto Denning,denniot01,['Dutch'],Dutch,,,,,
Chris Denorfia,denorch01,"['Norf', 'Deno']",Norf,Deno,,,,
Sam Dente,dentesa01,['Blackie'],Blackie,,,,,
Roger Denzer,denzero01,['Peaceful Valley'],Peaceful Valley,,,,,
George Derby,derbyge01,['Jonah'],Jonah,,,,,
Claud Derrick,derricl01,['Deek'],Deek,,,,,
Paul Derringer,derripa01,"['Duke', 'Oom Paul']",Duke,Oom Paul,,,,
Jim Derrington,derriji01,['Blackie'],Blackie,,,,,
Gene Desautels,desauge01,['Red'],Red,,,,,
Daniel Descalso,descada01,['Scals'],Scals,,,,,
Anthony DeSclafani,desclan01,['Disco'],Disco,,,,,
Jim Deshaies,deshaji01,['J.D.'],J.D.,,,,,
Delino DeShields,deshide01,['Bop'],Bop,,,,,
Delino DeShields,deshide02,"['Snacks', 'Poppa', 'Lil Bop']",Snacks,Poppa,Lil Bop,,,
Ian Desmond,desmoia01,"['Desi', 'Charron', 'Dez']",Desi,Charron,Dez,,,
Odrisamer Despaigne,despaod01,['Mili-Pino'],Mili-Pino,,,,,
Ross Detwiler,detwiro01,['Det'],Det,,,,,
Chris Devenski,devench02,"['The Dragon', 'Devo The Dragon', 'Devo']",The Dragon,Devo The Dragon,Devo,,,
Mike Devereaux,devermi01,['Devo'],Devo,,,,,
Rafael Devers,deverra01,"['Carita', 'Raffy Big Stick']",Carita,Raffy Big Stick,,,,
Charlie Dewald,dewalch01,['Carl'],Carl,,,,,
Aledmys Diaz,diazal02,"['A.D.', 'Papito']",A.D.,Papito,,,,
Carlos Diaz,diazca01,['Bimbo'],Bimbo,,,,,
Dayan Diaz,diazda01,"['Jumbito', 'La Makina']",Jumbito,La Makina,,,,
Edgar Diaz,diazed01,['Kiki'],Kiki,,,,,
Edwin Diaz,diazed04,['Sugar'],Sugar,,,,,
Elias Diaz,diazel01,['El Maracucho'],El Maracucho,,,,,
Jairo Diaz,diazja01,['El Panda'],El Panda,,,,,
Jumbo Diaz,diazju03,['Jumbo'],Jumbo,,,,,
Robinzon Diaz,diazro01,['El Baron'],El Baron,,,,,
Victor Diaz,diazvi01,"['Baby Manny', 'Big Vic']",Baby Manny,Big Vic,,,,
Yandy Diaz,diazya01,['Aranita Diaz'],Aranita Diaz,,,,,
Rob Dibble,dibblro01,"['Nasty Boy', 'Officer']",Nasty Boy,Officer,,,,
Alex Dickerson,dickeal01,['Grandpa'],Grandpa,,,,,
Corey Dickerson,dickeco01,"['C-Dizzle', 'CD']",C-Dizzle,CD,,,,
Bill Dickey,dickebi01,['The Man Nobody Knows'],The Man Nobody Knows,,,,,
George Dickey,dickege02,['Skeets'],Skeets,,,,,
Johnny Dickshot,dicksjo01,['Ugly'],Ugly,,,,,
Walt Dickson,dickswa01,['Hickory'],Hickory,,,,,
Bob Didier,didiebo01,"['Diddy Ball', 'Bob Ball']",Diddy Ball,Bob Ball,,,,
Jake Diekman,diekmja01,['Gut It Out'],Gut It Out,,,,,
Bill Dietrich,dietrbi01,['Bullfrog'],Bullfrog,,,,,
Derek Dietrich,dietrde01,['Dietz'],Dietz,,,,,
Dick Dietz,dietzdi01,['Mule'],Mule,,,,,
Lloyd Dietz,dietzdu01,['Dutch'],Dutch,,,,,
Wilmer Difo,difowi01,"['El Lindo', 'El De']",El Lindo,El De,,,,
Reese Diggs,diggsre01,['Diggsy'],Diggsy,,,,,
Pickles Dillhoefer,dillhpi01,['Pickles'],Pickles,,,,,
Bob Dillinger,dillibo01,['Duke'],Duke,,,,,
Harley Dillinger,dilliha01,"['Hoke', 'Lefty']",Hoke,Lefty,,,,
Frank Dillon,dillopo01,['Pop'],Pop,,,,,
Dom DiMaggio,dimagdo01,['The Little Professor'],The Little Professor,,,,,
Joe DiMaggio,dimagjo01,"[""Joltin' Joe"", 'The Yankee Clipper', 'Deadpan']",Joltin' Joe,The Yankee Clipper,Deadpan,,,
Bill Dinneen,dinnebi01,['Big Bill'],Big Bill,,,,,
Gary Disarcina,disarga01,['Disar'],Disar,,,,,
George Distel,distedu01,['Dutch'],Dutch,,,,,
Brandon Dixon,dixonbr01,"['B Dix', 'Bandit']",B Dix,Bandit,,,,
Bill Doak,doakbi01,"[""Spittin' Bill""]",Spittin' Bill,,,,,
John Dobb,dobbjo01,['Lefty'],Lefty,,,,,
Ray Dobens,dobenra01,['Lefty'],Lefty,,,,,
Joe Dobson,dobsojo01,['Burrhead'],Burrhead,,,,,
George Dockins,dockige01,['Lefty'],Lefty,,,,,
Fred Doe,doefr01,['Count'],Count,,,,,
John Doherty,doherjo01,['Pup'],Pup,,,,,
Frank Doljack,doljafr01,['Dolie'],Dolie,,,,,
Art Doll,dollar01,['Moose'],Moose,,,,,
Jasson Dominguez,dominja01,"['The Martian', 'El Marciano']",The Martian,El Marciano,,,,
Seranthony Dominguez,dominse01,['Sir Anthony'],Sir Anthony,,,,,
John Donahue,donahjo01,['Jiggs'],Jiggs,,,,,
Tim Donahue,donahti01,['Bridget'],Bridget,,,,,
Atley Donald,donalat01,['Swampy'],Swampy,,,,,
Ed Donalds,donaled01,"['Erston', 'Skipper']",Erston,Skipper,,,,
Josh Donaldson,donaljo02,['Bringer of Rain'],Bringer of Rain,,,,,
Len Dondero,dondele01,['Mike'],Mike,,,,,
Mike Donlin,donlimi01,['Turkey Mike'],Turkey Mike,,,,,
Ed Donnelly,donneed01,"['Big Ed', 'Ned']",Big Ed,Ned,,,,
Bill Donovan,donovbi01,['Wild Bill'],Wild Bill,,,,,
Mickey Doolin,doolami01,['Doc'],Doc,,,,,
Sean Doolittle,doolise01,"['Doooooooo', 'Doc', 'Obi-Sean']",Doooooooo,Doc,Obi-Sean,,,
Harry Dooms,doomsha01,['Jack'],Jack,,,,,
Tom Doran,doranto01,['Long Tom'],Long Tom,,,,,
Fritz Dorish,dorisha01,['Fritz'],Fritz,,,,,
Charlie Dorman,dormach01,['Slats'],Slats,,,,,
Red Dorman,dormare01,['Curlie'],Curlie,,,,,
Cal Dorsett,dorseca01,['Preacher'],Preacher,,,,,
Richard Dotson,dotsori01,['Rich'],Rich,,,,,
Tom Dougherty,doughto01,['Sugar Boy'],Sugar Boy,,,,,
Phil Douglas,douglph01,"[""Shufflin' Phil""]",Shufflin' Phil,,,,,
Whammy Douglas,douglwh01,['Whammy'],Whammy,,,,,
Camilo Doval,dovalca01,['Tranquilo Camilo'],Tranquilo Camilo,,,,,
Tommy Dowd,dowdto01,['Buttermilk Tommy'],Buttermilk Tommy,,,,,
Brian Downing,downibr01,['The Incredible Hulk'],The Incredible Hulk,,,,,
Scott Downs,downssc01,['Snakeface'],Snakeface,,,,,
Jack Doyle,doyleja01,['Dirty Jack'],Dirty Jack,,,,,
Larry Doyle,doylela01,['Laughing Larry'],Laughing Larry,,,,,
Cory Doyne,doyneco01,['Cory'],Cory,,,,,
Brian Dozier,doziebr01,"['Doz', 'Bull', 'Lo Conner']",Doz,Bull,Lo Conner,,,
Hunter Dozier,doziehu01,"['Doz', 'Bulldoz']",Doz,Bulldoz,,,,
Logan Drake,drakelo01,['L.G.'],L.G.,,,,,
Oliver Drake,drakeol01,['Bucko'],Bucko,,,,,
Clem Dreisewerd,dreiscl01,['Steamboat'],Steamboat,,,,,
Bill Drescher,drescbi01,['Dutch'],Dutch,,,,,
Stephen Drew,drewst01,['Dirt'],Dirt,,,,,
Dan Driessen,driesda01,['Cobra'],Cobra,,,,,
Walt Dropo,dropowa01,['Moose'],Moose,,,,,
Dick Drott,drottdi01,['Hummer'],Hummer,,,,,
Carl Druhot,druhoca01,['Collie'],Collie,,,,,
Brandon Drury,drurybr01,"['B Dru', 'Dru']",B Dru,Dru,,,,
Don Drysdale,drysddo01,"['Big D', 'Airedale']",Big D,Airedale,,,,
Jean Dubuc,dubucje01,['Chauncey'],Chauncey,,,,,
Lucas Duda,dudalu01,"['The Big Lebowski', 'The Dude']",The Big Lebowski,The Dude,,,,
Brian Duensing,duensbr01,['Deuce'],Deuce,,,,,
Charlie Duffee,duffech01,['Home Run'],Home Run,,,,,
Tyler Duffey,duffety01,['The Doof'],The Doof,,,,,
Danny Duffy,duffyda01,"['Bear', 'Chill Sergeant']",Bear,Chill Sergeant,,,,
Hugh Duffy,duffyhu01,['Sir Hugh'],Sir Hugh,,,,,
Matt Duffy,duffyma01,['Duffman'],Duffman,,,,,
Joe Dugan,duganjo01,['Jumping Joe'],Jumping Joe,,,,,
Oscar Dugey,dugeyos01,['Jake'],Jake,,,,,
Jim Duggan,duggaji01,['Mer'],Mer,,,,,
Steven Duggar,duggast01,"['Dugg', 'Duggy']",Dugg,Duggy,,,,
Bill Duggleby,dugglbi01,['Frosty Bill'],Frosty Bill,,,,,
Martin Duke,dukema01,['Duck'],Duck,,,,,
Zach Duke,dukeza01,['Dukie'],Dukie,,,,,
Bob Duliba,dulibbo01,['Ach'],Ach,,,,,
Ryan Dull,dullry01,['Dullsnacks'],Dullsnacks,,,,,
George Dumont,dumonge01,['Pea Soup'],Pea Soup,,,,,
Mariano Duncan,duncama01,"['Dunc', 'Dunky']",Dunc,Dunky,,,,
Shelley Duncan,duncash01,['Shelley'],Shelley,,,,,
Ed Dundon,dundoed01,['Dummy'],Dummy,,,,,
Fred Dunlap,dunlafr01,['Sure Shot'],Sure Shot,,,,,
Grant Dunlap,dunlagr01,['Snap'],Snap,,,,,
Adam Dunn,dunnad01,['Big Donkey'],Big Donkey,,,,,
Jim Dunn,dunnji01,['Bill'],Bill,,,,,
Mike Dunn,dunnmi01,['Dunner'],Dunner,,,,,
Shawon Dunston,dunstsh01,['Pop'],Pop,,,,,
Ed Durham,durhaed01,['Bull'],Bull,,,,,
Joe Durham,durhajo02,['Pop'],Pop,,,,,
Leon Durham,durhale01,['Bull'],Bull,,,,,
Bobby Durnbaugh,durnbbo01,['Scroggy'],Scroggy,,,,,
Leo Durocher,durocle01,"['Leo The Lip', 'Lippy']",Leo The Lip,Lippy,,,,
Jesse Duryea,duryeje01,['Cyclone Jim'],Cyclone Jim,,,,,
Erv Dusak,dusaker01,['Four Sack'],Four Sack,,,,,
Adam Duvall,duvalad01,['Duvy'],Duvy,,,,,
Jim Dwyer,dwyerji01,['Pig Pen'],Pig Pen,,,,,
Joe Dwyer,dwyerdo01,['Double'],Double,,,,,
John Dwyer,dwyerjo01,['Jumbo'],Jumbo,,,,,
Jimmy Dygert,dygerji01,['Sunny Jim'],Sunny Jim,,,,,
Lenny Dykstra,dykstle01,"['Nails', 'Dude']",Nails,Dude,,,,
Jarrod Dyson,dysonja01,['Zoombiya'],Zoombiya,,,,,
Sam Dyson,dysonsa01,"['Rojo', 'Pssst', 'Red Finger']",Rojo,Pssst,Red Finger,,,
Bill Eagan,eaganbi01,['Bad Bill'],Bad Bill,,,,,
Howard Earl,earlho01,['Slim Jim'],Slim Jim,,,,,
Billy Earle,earlebi01,['The Little Globetrotter'],The Little Globetrotter,,,,,
George Earnshaw,earnsge01,['Moose'],Moose,,,,,
Mike Easler,easlemi01,"['Hit Man', 'Line Drive', 'Easy']",Hit Man,Line Drive,Easy,,,
Mal Eason,easonma01,['Kid'],Kid,,,,,
Roy Easterwood,eastero01,['Shag'],Shag,,,,,
John Easton,eastojo01,['Goose'],Goose,,,,,
Adam Eaton,eatonad02,"['Spanky', 'Mouse']",Spanky,Mouse,,,,
Zeb Eaton,eatonze01,['Red'],Red,,,,,
Vallie Eaves,eavesva01,"['Chief', 'Tom']",Chief,Tom,,,,
Hi Ebright,ebrighi01,['Buck'],Buck,,,,,
Harry Eccles,eccleha01,['Bugs'],Bugs,,,,,
Dennis Eckersley,eckerde01,['Eck'],Eck,,,,,
Al Eckert,eckeral01,['Obbie'],Obbie,,,,,
Charlie Eckert,eckerch01,['Buzz'],Buzz,,,,,
David Eckstein,eckstda01,"['X Factor', 'Just Enough']",X Factor,Just Enough,,,,
Ed Edelen,edeleed01,['Doc'],Doc,,,,,
Cam Eden,edenca01,['Kachow'],Kachow,,,,,
Josh Edgin,edginjo01,['Edge'],Edge,,,,,
Tommy Edman,edmanto01,['Eddie'],Eddie,,,,,
Jim Edmonds,edmonji01,"['Jimmy Baseball', 'Jimmy Ballgame']",Jimmy Baseball,Jimmy Ballgame,,,,
George Edmondson,edmonge01,['Big Ed'],Big Ed,,,,,
Sam Edmonston,edmonsa01,['Big Sam'],Big Sam,,,,,
Bruce Edwards,edwarbr01,['Bull'],Bull,,,,,
Carl Edwards Jr.,edwarca01,"['The String Bean Slinger', ""Carl's Jr.""]",The String Bean Slinger,Carl's Jr.,,,,
Foster Edwards,edwarfo01,['Eddie'],Eddie,,,,,
James Edwards,edwarji01,['Little Joe'],Little Joe,,,,,
Harry Eells,eellsha01,['Slippery'],Slippery,,,,,
Zach Eflin,eflinza01,['Ef'],Ef,,,,,
Jim Egan,eganji01,['Troy Terrier'],Troy Terrier,,,,,
Mose Eggert,eggerel01,"['Mose', 'Moose']",Mose,Moose,,,,
Howard Ehmke,ehmkeho01,['Bob'],Bob,,,,,
Jerad Eickhoff,eickhje01,['Eick'],Eick,,,,,
Jim Eisenreich,eisenji01,['Eisey'],Eisey,,,,,
Kid Elberfeld,elberki01,['The Tabasco Kid'],The Tabasco Kid,,,,,
Henry Elder,elderhe01,['Heinie'],Heinie,,,,,
Brad Eldred,eldrebr01,"['Big Country', 'King Kong']",Big Country,King Kong,,,,
Roenis Elias,eliasro01,['Cubiche'],Cubiche,,,,,
Pete Elko,elkope01,['Piccolo Pete'],Piccolo Pete,,,,,
Roy Ellam,ellamro01,"['Whitey', 'Slippery']",Whitey,Slippery,,,,
Frank Ellerbe,ellerfr01,['Governor'],Governor,,,,,
Brian Ellington,ellinbr02,['Elli'],Elli,,,,,
Allen Elliott,ellioal01,['Ace'],Ace,,,,,
Bob Elliott,elliobo01,['Mr. Team'],Mr. Team,,,,,
Claude Elliott,elliocl01,"['Chaucer', 'Old Pardee']",Chaucer,Old Pardee,,,,
Glenn Elliott,elliogl01,['Lefty'],Lefty,,,,,
A.J. Ellis,ellisaj01,['Dad'],Dad,,,,,
Babe Ellison,ellisba01,['Bert'],Bert,,,,,
Jacoby Ellsbury,ellsbja01,"['Tacoby Bellsbury', 'Chief']",Tacoby Bellsbury,Chief,,,,
Verdo Elmore,elmorve01,['Ellie'],Ellie,,,,,
Don Elston,elstodo01,['Every Day'],Every Day,,,,,
Chester Emerson,emersch01,['Chuck'],Chuck,,,,,
William Emmerich,emmersl01,['Slim'],Slim,,,,,
Edwin Encarnacion,encared01,"['EE', 'Rivera']",EE,Rivera,,,,
Adam Engel,engelad01,"['Clarke', 'Man of Steel']",Clarke,Man of Steel,,,,
Charlie Engle,englech01,['Cholly'],Cholly,,,,,
Clyde Engle,englecl01,['Hack'],Hack,,,,,
Russ Ennis,ennisru01,['Hack'],Hack,,,,,
Johnny Enzmann,enzmajo01,['Gentleman John'],Gentleman John,,,,,
Nathan Eovaldi,eovalna01,"['Evo', 'Nitro']",Evo,Nitro,,,,
Al Epperly,epperal01,"['Tub', 'Pard']",Tub,Pard,,,,
Aubrey Epps,eppsau01,['Yo-Yo'],Yo-Yo,,,,,
Mike Epstein,epstemi01,['Superjew'],Superjew,,,,,
Joe Erautt,erautjo01,['Stubby'],Stubby,,,,,
Hank Erickson,erickha01,['Popeye'],Popeye,,,,,
Paul Erickson,erickpa01,"[""Li'L Abner""]",Li'L Abner,,,,,
Robbie Erlin,erlinro01,['Bob'],Bob,,,,,
Cal Ermer,ermerca01,['Pres'],Pres,,,,,
Dick Errickson,erricdi01,['Lief'],Lief,,,,,
Carl Erskine,erskica01,['Oisk'],Oisk,,,,,
Phil Ervin,ervinph01,['Magic'],Magic,,,,,
Alcides Escobar,escobal02,"['Esky', 'Magic']",Esky,Magic,,,,
Eduardo Escobar,escobed01,['El De La Pica'],El De La Pica,,,,,
Yunel Escobar,escobyu01,['El Gambao'],El Gambao,,,,,
Geno Espineli,espinge01,['Geno'],Geno,,,,,
Paolo Espino,espinpa01,['Poli'],Poli,,,,,
Danny Espinosa,espinda01,['Espi'],Espi,,,,,
Bill Essick,essicbi01,['Vinegar Bill'],Vinegar Bill,,,,,
Carlos Estevez,estevca01,['Este'],Este,,,,,
Frank Estrada,estrafr01,['PaquAn'],PaquAn,,,,,
Marco Estrada,estrama01,"['Estradabien', 'Estratosphere', 'Ponch']",Estradabien,Estratosphere,Ponch,,,
Bobby Etheridge,etherbo01,['Luke'],Luke,,,,,
Andre Ethier,ethiean01,['Daddy'],Daddy,,,,,
John Eubank,eubanjo01,['Honest John'],Honest John,,,,,
Uel Eubanks,eubanue01,['Poss'],Poss,,,,,
Ferd Eunick,eunicfr01,['Dutch'],Dutch,,,,,
Tony Eusebio,eusebto01,['The Astro Clipper'],The Astro Clipper,,,,,
Darrell Evans,evansda01,['Howdy Doody'],Howdy Doody,,,,,
Dwight Evans,evansdw01,['Dewey'],Dewey,,,,,
Jake Evans,evansja01,['Bloody Jake'],Bloody Jake,,,,,
Joe Evans,evansjo01,['Doc'],Doc,,,,,
Phillip Evans,evansph01,['Barrel'],Barrel,,,,,
Carl Everett,evereca01,"['C-Rex', 'Jurassic Carl']",C-Rex,Jurassic Carl,,,,
Bill Everitt,everibi01,['Wild Bill'],Wild Bill,,,,,
Johnny Evers,eversjo01,"['Crab', 'Trojan']",Crab,Trojan,,,,
Bob Ewing,ewingbo01,['Long Bob'],Long Bob,,,,,
John Ewing,ewingjo01,['Long John'],Long John,,,,,
Art Ewoldt,ewoldar01,['Sheriff'],Sheriff,,,,,
Roy Face,facero01,['The Bullpen Baron'],The Bullpen Baron,,,,,
Bill Fagan,faganbi01,['Clinkers'],Clinkers,,,,,
Howard Fahey,faheyho01,"['Cap', 'Kid']",Cap,Kid,,,,
Ferris Fain,fainfe01,"['Burrhead', 'Cocky']",Burrhead,Cocky,,,,
Jim Fairbank,fairbji01,"['Lee', 'Smokey']",Lee,Smokey,,,,
Bibb Falk,falkbi01,['Jockey'],Jockey,,,,,
Chet Falk,falkch01,['Spot'],Spot,,,,,
Ed Fallenstein,falleed01,['Ace'],Ace,,,,,
George Fallon,falloge01,['Flash'],Flash,,,,,
Jeurys Familia,familje01,"['La Fama', 'Yaguate']",La Fama,Yaguate,,,,
Cliff Fannin,fannicl01,['Mule'],Mule,,,,,
Harry Fanok,fanokha01,['The Flame Thrower'],The Flame Thrower,,,,,
Frank Fanovich,fanovfr01,['Lefty'],Lefty,,,,,
Jake Faria,fariaja01,['Fuh-ree-uh'],Fuh-ree-uh,,,,,
Kyle Farmer,farmeky01,['Farm Dawg'],Farm Dawg,,,,,
Danny Farquhar,farquda01,"['Fark', 'D-Fark']",Fark,D-Fark,,,,
Jack Farrell,farreja01,['Hartford Jack'],Hartford Jack,,,,,
Jack Farrell,farreja02,['Moose'],Moose,,,,,
Turk Farrell,farretu01,['Turk'],Turk,,,,,
Jack Faszholz,faszhja01,['Preacher'],Preacher,,,,,
Andrew Faulkner,faulkan01,['Faulky'],Faulky,,,,,
Jim Faulkner,faulkji01,['Lefty'],Lefty,,,,,
Buck Fausett,fausebu01,['Leaky'],Leaky,,,,,
Charlie Faust,faustch01,['Victory'],Victory,,,,,
Clay Fauver,fauvecl01,"['Cayt', 'Pop']",Cayt,Pop,,,,
Erick Fedde,feddeer01,['Feddeccini'],Feddeccini,,,,,
Al Federoff,federal01,['Whitey'],Whitey,,,,,
Tim Federowicz,federti01,['Fedex'],Fedex,,,,,
Dutch Fehring,fehridu01,['Dutch'],Dutch,,,,,
Eddie Feinberg,feinbed01,['Itzzy'],Itzzy,,,,,
Mike Felder,feldemi01,['Tiny'],Tiny,,,,,
Marv Felderman,feldema01,['Coonie'],Coonie,,,,,
Scott Feldman,feldmsc01,['Fuego'],Fuego,,,,,
Pedro Feliciano,felicpe01,['Perpetual Pedro'],Perpetual Pedro,,,,,
Michael Feliz,felizmi01,['Fuego'],Fuego,,,,,
Neftali Feliz,felizne01,['Neffi'],Neffi,,,,,
Pedro Feliz,felizpe01,['Happy Pete'],Happy Pete,,,,,
Bob Feller,fellebo01,"['Rapid Robert', 'Heater from Van Meter']",Rapid Robert,Heater from Van Meter,,,,
Horace Fenner,fenneho01,['Hod'],Hod,,,,,
Stan Ferens,ferenst01,['Lefty'],Lefty,,,,,
Bob Ferguson,fergubo01,['Death to Flying Things'],Death to Flying Things,,,,,
Cecil Ferguson,ferguge01,['Cecil'],Cecil,,,,,
Freddy Fermin,fermifr01,['The Ferminator'],The Ferminator,,,,,
Jose Fernandez,fernajo02,['Nino'],Nino,,,,,
Jose Miguel Fernandez,fernajo03,['Jotave'],Jotave,,,,,
Julian Fernandez,fernaju02,['Billete'],Billete,,,,,
Sid Fernandez,fernasi01,['El Sid'],El Sid,,,,,
Tony Fernandez,fernato01,"['Cabeza', 'El Fantasma']",Cabeza,El Fantasma,,,,
Al Ferrara,ferraal01,['The Bull'],The Bull,,,,,
Dave Ferriss,ferrida01,['Boo'],Boo,,,,,
Alex Ferson,fersoal01,['Colonel'],Colonel,,,,,
Mike Fetters,fettemi01,['Fett Dawg'],Fett Dawg,,,,,
Mark Fidrych,fidryma01,['The Bird'],The Bird,,,,,
Clarence Fieber,fiebecl01,['Lefty'],Lefty,,,,,
Cecil Fielder,fieldce01,['Big Daddy'],Big Daddy,,,,,
Prince Fielder,fieldpr01,['Uncle Phil'],Uncle Phil,,,,,
Daniel Fields,fieldda01,"['D', 'D-Fields']",D,D-Fields,,,,
Casey Fien,fienca01,['Fien Machine'],Fien Machine,,,,,
Lou Fiene,fienelo01,['Big Finn'],Big Finn,,,,,
Mike Fiers,fiersmi01,"['Kai', 'Smoky']",Kai,Smoky,,,,
Steve Filipowicz,filipst01,['Flip'],Flip,,,,,
Heath Fillmyer,fillmhe01,['Filly'],Filly,,,,,
Neal Finn,finnne01,['Mickey'],Mickey,,,,,
Brandon Finnegan,finnebr01,['Finny'],Finny,,,,,
Joseph Finneran,finneha01,"['Smokey Joe', 'Happy']",Smokey Joe,Happy,,,,
Dan Firova,firovda01,['Firo'],Firo,,,,,
Hank Fischer,fischha01,['Bulldog'],Bulldog,,,,,
Carlos Fisher,fisheca01,['Carlos'],Carlos,,,,,
Chauncey Fisher,fishech04,"['Peach', 'Whoa Bill']",Peach,Whoa Bill,,,,
Clarence Fisher,fishecl01,['Tad'],Tad,,,,,
George Fisher,fishesh01,['Showboat'],Showboat,,,,,
Ike Fisher,fishene01,['Ike'],Ike,,,,,
Jack Fisher,fisheja01,['Fat Jack'],Fat Jack,,,,,
Ray Fisher,fishera01,['Pick'],Pick,,,,,
Tom Fisher,fisheto01,['Red'],Red,,,,,
Carlton Fisk,fiskca01,['Pudge'],Pudge,,,,,
Max Fiske,fiskema01,['Ski'],Ski,,,,,
Wes Fisler,fislewe01,['Icicle'],Icicle,,,,,
Doug Fister,fistedo01,"['Dougie', 'Fist', 'Dougie Fresh']",Dougie,Fist,Dougie Fresh,,,
Howard Fitzgerald,fitzgho01,['Lefty'],Lefty,,,,,
Paul Fitzke,fitzkpa01,['Bob'],Bob,,,,,
Freddie Fitzsimmons,fitzsfr01,['Fat Freddie'],Fat Freddie,,,,,
Ira Flagstead,flagsir01,['Pete'],Pete,,,,,
Jack Flaherty,flaheja01,['Flare'],Flare,,,,,
John Flaherty,flahejo01,['Flash'],Flash,,,,,
Ryan Flaherty,flahery01,['Flash'],Flash,,,,,
Al Flair,flairal01,['Broadway'],Broadway,,,,,
Ed Flanagan,flanaed01,['Sleepy'],Sleepy,,,,,
Ray Flaskamper,flaskro01,['Flash'],Flash,,,,,
Les Fleming,flemile01,['Mae'],Mae,,,,,
Tom Fleming,flemito01,['Sleuth'],Sleuth,,,,,
David Fletcher,fletcda02,['Fletch'],Fletch,,,,,
Chris Flexen,flexech01,['Big Baby'],Big Baby,,,,,
Lew Flick,flickle01,['Noisy'],Noisy,,,,,
Mort Flohr,flohrmo01,['Dutch'],Dutch,,,,,
Paul Florence,florepa01,['Pep'],Pep,,,,,
Wilmer Flores,florewi01,['Ca Tire'],Ca Tire,,,,,
Pedro Florimon,floripe01,['Don Ramon'],Don Ramon,,,,,
Dylan Floro,florody01,['F Loro'],F Loro,,,,,
Tyler Flowers,flowety01,"['Flow', 'MMBB']",Flow,MMBB,,,,
Brian Flynn,flynnbr01,['Flynny'],Flynny,,,,,
George Flynn,flynnge01,['Dibby'],Dibby,,,,,
Gene Fodge,fodgege01,['Suds'],Suds,,,,,
Josh Fogg,foggjo01,['Dragon Slayer'],Dragon Slayer,,,,,
Mike Foltynewicz,foltymi01,"['Folty', 'High Foltage']",Folty,High Foltage,,,,
Wilmer Font,fontwi01,['Fonky'],Fonky,,,,,
Davy Force,forceda01,"['Wee Davy', 'Tom Thumb']",Wee Davy,Tom Thumb,,,,
Dan Ford,fordda01,['Disco Dan'],Disco Dan,,,,,
Horace Ford,fordho01,['Hod'],Hod,,,,,
Whitey Ford,fordwh01,"['The Chairman of the Board', 'Slick']",The Chairman of the Board,Slick,,,,
Brook Fordyce,fordybr01,['Dyce'],Dyce,,,,,
Frank Foreman,foremfr01,['Monkey'],Monkey,,,,,
Logan Forsythe,forsylo01,['Logie Bear'],Logie Bear,,,,,
George Foss,fossge01,['Deeby'],Deeby,,,,,
Tony Fossas,fossato01,['The Mechanic'],The Mechanic,,,,,
Ray Fosse,fossera01,['Marion Mule'],Marion Mule,,,,,
Casey Fossum,fossuca01,['the Blade'],the Blade,,,,,
Bill Foster,fostebi99,['Willie'],Willie,,,,,
Clarence Foster,fostepo01,['Pop'],Pop,,,,,
Ed Foster,fosteed01,['Slim'],Slim,,,,,
Eddie Foster,fosteed02,['Kid'],Kid,,,,,
George Foster,fostege01,['Yahtzee'],Yahtzee,,,,,
Bob Fothergill,fothebo01,['Fats'],Fats,,,,,
Henry Fournier,fournhe01,['Frenchy'],Frenchy,,,,,
Dave Foutz,foutzda01,['Scissors'],Scissors,,,,,
Boob Fowler,fowlebo01,['Gink'],Gink,,,,,
Dexter Fowler,fowlede01,"['Daddy Long Legs', 'Dex']",Daddy Long Legs,Dex,,,,
Jesse Fowler,fowleje01,['Pete'],Pete,,,,,
Charlie Fox,foxch01,['Irish'],Irish,,,,,
Nellie Fox,foxne01,"['Mighty Mite', 'Little Nel']",Mighty Mite,Little Nel,,,,
Jimmie Foxx,foxxji01,"['Beast', 'Double X']",Beast,Double X,,,,
Ossie France,francos01,['O. B.'],O. B.,,,,,
Maikel Franco,francma02,"['Maik', 'Compa F']",Maik,Compa F,,,,
Wander Franco,francwa01,['Patron'],Patron,,,,,
Jeff Francoeur,francje02,['Frenchy'],Frenchy,,,,,
Terry Francona,francte01,['Tito'],Tito,,,,,
Kevin Frandsen,frandke01,['Franny'],Franny,,,,,
Adam Frazier,fraziad01,['Fraz'],Fraz,,,,,
Clint Frazier,frazicl01,"['Bubba', 'Red Thunder', 'El Rojo']",Bubba,Red Thunder,El Rojo,,,
Todd Frazier,frazito01,['The ToddFather'],The ToddFather,,,,,
Kyle Freeland,freelky01,"['Free', 'Two One', 'Flat Stanley']",Free,Two One,Flat Stanley,,,
Harvey Freeman,freemha01,['Buck'],Buck,,,,,
Hersh Freeman,freemhe01,['Buster'],Buster,,,,,
Jerry Freeman,freemje01,['Buck'],Buck,,,,,
Marvin Freeman,freemma02,"[""Starvin' Marvin""]",Starvin' Marvin,,,,,
Mike Freeman,freemmi01,['Waldo'],Waldo,,,,,
Sam Freeman,freemsa01,['Freezy'],Freezy,,,,,
David Freese,freesda01,['DaveHuman'],DaveHuman,,,,,
Gene Freese,freesge02,['Augie'],Augie,,,,,
George Freese,freesge01,['Bud'],Bud,,,,,
Jim Fregosi,fregoji01,['Skip'],Skip,,,,,
Howard Freigau,freigho01,['Ty'],Ty,,,,,
Sal Frelick,frelisa01,['The Hit Collector'],The Hit Collector,,,,,
Walt French,frencwa01,"['Piggy', 'Fitz']",Piggy,Fitz,,,,
Lonny Frey,freylo01,['Junior'],Junior,,,,,
Grier Friday,fridask01,['Skipper'],Skipper,,,,,
Jim Fridley,fridlji01,['Big Jim'],Big Jim,,,,,
Max Fried,friedma01,['Maximus'],Maximus,,,,,
Christian Friedrich,friedch01,['Bird'],Bird,,,,,
Bob Friend,frienbo01,['Warrior'],Warrior,,,,,
Owen Friend,frienow01,['Red'],Red,,,,,
Ernesto Frieri,frierer01,['Ernasty'],Ernasty,,,,,
Charlie Frisbee,frisbch01,['Bunt'],Bunt,,,,,
Frankie Frisch,friscfr01,['The Fordham Flash'],The Fordham Flash,,,,,
Danny Frisella,friseda01,['Bear'],Bear,,,,,
Harry Fritz,fritzha01,['Dutchman'],Dutchman,,,,,
Jace Fry,fryja01,"['Foo', 'Frenchy']",Foo,Frenchy,,,,
Johnson Fry,fryjo01,['Jay'],Jay,,,,,
Paul Fry,frypa01,['Papa Frita'],Papa Frita,,,,,
Brian Fuentes,fuentbr01,['T-Rex'],T-Rex,,,,,
Rey Fuentes,fuentre01,['Coqui'],Coqui,,,,,
Tito Fuentes,fuentti01,['Parakeet'],Parakeet,,,,,
Frank Fuller,fullefr01,['Rabbit'],Rabbit,,,,,
Carson Fulmer,fulmeca01,['Filthy Fulmer'],Filthy Fulmer,,,,,
Charles Fulmer,fulmech01,['Chick'],Chick,,,,,
Michael Fulmer,fulmemi01,"['Fulm Piece', 'The Plumber']",Fulm Piece,The Plumber,,,,
Carl Furillo,furilca01,"['Skoonj', 'The Reading Rifle']",Skoonj,The Reading Rifle,,,,
Fred Fussell,fussefr01,['Moonlight Ace'],Moonlight Ace,,,,,
Frank Gabler,gablefr01,['The Great Gabbo'],The Great Gabbo,,,,,
Ken Gables,gableke01,['Coral'],Coral,,,,,
John Gaddy,gaddyjo01,['Sheriff'],Sheriff,,,,,
Gary Gaetti,gaettga01,"['The Rat', 'G-Man']",The Rat,G-Man,,,,
John Gaffney,gaffnjo99,['Honest John'],Honest John,,,,,
Del Gainer,gainede01,['Sheriff'],Sheriff,,,,,
Andres Galarraga,galaran01,['Big Cat'],Big Cat,,,,,
Al Gallagher,gallaal01,['Dirty Al'],Dirty Al,,,,,
Cam Gallagher,gallaca01,['Gally'],Gally,,,,,
Ed Gallagher,gallaed01,['Lefty'],Lefty,,,,,
Joe Gallagher,gallajo02,['Muscles'],Muscles,,,,,
Yovani Gallardo,gallayo01,['Yo'],Yo,,,,,
Giovanny Gallegos,gallegi01,"['Gio', 'El Yaqui']",Gio,El Yaqui,,,,
Zac Gallen,galleza01,"['Milkman', 'Galls']",Milkman,Galls,,,,
Joey Gallo,gallojo01,"['Joe Joe', 'Pico de Gallo']",Joe Joe,Pico de Gallo,,,,
Isaac Galloway,gallois01,['Gallo'],Gallo,,,,,
Jim Galloway,galloji01,['Bad News'],Bad News,,,,,
Pud Galvin,galvipu01,"['Pud', 'Gentle Jeems', 'The Little Steam Engine']",Pud,Gentle Jeems,The Little Steam Engine,,,
Freddy Galvis,galvifr01,['Toco'],Toco,,,,,
Ben Gamel,gamelbe01,['Gam'],Gam,,,,,
Mat Gamel,gamelma01,['Mat'],Mat,,,,,
Bob Gandy,gandybo01,['String'],String,,,,,
John Gant,gantjo01,['Johnny G'],Johnny G,,,,,
Joe Gantenbein,gantejo01,['Sep'],Sep,,,,,
Jim Gantner,gantnji01,['Gumby'],Gumby,,,,,
Rich Garces,garceri01,['El Guapo'],El Guapo,,,,,
Adolis Garcia,garciad02,['El Bombi'],El Bombi,,,,,
Adonis Garcia,garciad01,['La Maravilla'],La Maravilla,,,,,
Avisail Garcia,garciav01,"['Avi', 'Mini Miggy', 'Uncle Avi']",Avi,Mini Miggy,Uncle Avi,,,
Freddy Garcia,garcifr03,"['The Chief', 'The Rock']",The Chief,The Rock,,,,
Greg Garcia,garcigr01,['GG'],GG,,,,,
Jaime Garcia,garcija02,"['J Gar', 'Jaimito']",J Gar,Jaimito,,,,
Jarlin Garcia,garcija04,"['Jarlin The Marlin', 'The Elephant']",Jarlin The Marlin,The Elephant,,,,
Leury Garcia,garcile02,"['El Molleto', 'Leo']",El Molleto,Leo,,,,
Luis Garcia,garcilu03,"['Compa G', 'Amadito']",Compa G,Amadito,,,,
Mike Garcia,garcimi01,['The Big Bear'],The Big Bear,,,,,
Willy Garcia,garciwi01,['El Puchi'],El Puchi,,,,,
Yimi Garcia,garciyi01,['Villa Trina'],Villa Trina,,,,,
Nomar Garciaparra,garcino01,['Nomah'],Nomah,,,,,
Ron Gardenhire,gardero01,['Gardy'],Gardy,,,,,
Billy Gardner,gardnbi02,"['Whitey', 'Shotgun']",Whitey,Shotgun,,,,
Brett Gardner,gardnbr01,['Gardy'],Gardy,,,,,
Mark Gardner,gardnma01,['Gardy'],Gardy,,,,,
Debs Garms,garmsde01,['Tex'],Tex,,,,,
Dustin Garneau,garnedu01,['Drago'],Drago,,,,,
Phil Garner,garneph01,['Scrap Iron'],Scrap Iron,,,,,
Ralph Garr,garrra01,"['Road Runner', 'Gator']",Road Runner,Gator,,,,
Adrian Garrett,garread01,"['Pat', 'Smokey']",Pat,Smokey,,,,
Amir Garrett,garream01,"['AG', 'Count On AG']",AG,Count On AG,,,,
Clarence Garrett,garrecl01,['Laz'],Laz,,,,,
Ford Garrison,garrifo01,"['Rocky', 'Snapper']",Rocky,Snapper,,,,
Mitch Garver,garvemi01,['Garv Sauce'],Garv Sauce,,,,,
Steve Garvey,garvest01,"['Mr. Clean', 'The Garv']",Mr. Clean,The Garv,,,,
Matt Garza,garzama01,['The Count'],The Count,,,,,
Charlie Gassaway,gassach01,['Sheriff'],Sheriff,,,,,
Evan Gattis,gattiev01,"['El Oso Blanco', 'Bull']",El Oso Blanco,Bull,,,,
Kevin Gausman,gausmke01,['Gausy'],Gausy,,,,,
Doc Gautreau,gautrdo01,['Punk'],Punk,,,,,
Sid Gautreaux,gautrsi01,['Pudge'],Pudge,,,,,
Sam Gaviglio,gavigsa01,['Sammy G'],Sammy G,,,,,
George Gaw,gawch01,['Chippy'],Chippy,,,,,
Mike Gazella,gazelmi01,['Gazook'],Gazook,,,,,
Cory Gearrin,gearrco01,"['Ceegee', 'C.G.']",Ceegee,C.G.,,,,
Bob Geary,gearybo01,['Speed'],Speed,,,,,
Pete Gebrian,gebripe01,['Gabe'],Gabe,,,,,
Dillon Gee,geedi01,['G Money'],G Money,,,,,
Johnny Gee,geejo01,['Whiz'],Whiz,,,,,
Charlie Geggus,gagusch01,['Buck'],Buck,,,,,
Lou Gehrig,gehrilo01,"['The Iron Horse', 'Biscuit Pants', 'Buster', ""Laruppin'"", 'Crown Prince of Swat', 'Columbia']",The Iron Horse,Biscuit Pants,Buster,Laruppin',Crown Prince of Swat,Columbia
Charlie Gehringer,gehrich01,['The Mechanical Man'],The Mechanical Man,,,,,
Paul Gehrman,gehrmpa01,['Dutch'],Dutch,,,,,
Phil Geier,geierph01,['Little Phil'],Little Phil,,,,,
Frank Genins,geninfr01,['Frenchy'],Frenchy,,,,,
Scooter Gennett,gennesc01,"['Ryan', 'Dal3']",Ryan,Dal3,,,,
Jim Gentile,gentiji01,['Diamond Jim'],Diamond Jim,,,,,
Craig Gentry,gentrcr01,"['Gent', 'Kitten Face']",Gent,Kitten Face,,,,
Charles George,georggr01,['Greek'],Greek,,,,,
Mike Gerber,gerbemi01,['Gerbs'],Gerbs,,,,,
Wally Gerber,gerbewa01,['Spooks'],Spooks,,,,,
Bob Geren,gerenbo01,['Bob Green'],Bob Green,,,,,
Joe Gerhardt,gerhajo01,['Move Up Joe'],Move Up Joe,,,,,
Al Gerheauser,gerheal01,['Lefty'],Lefty,,,,,
George Gerken,gerkege01,['Pickles'],Pickles,,,,,
Steve Gerkin,gerkist01,['Splinter'],Splinter,,,,,
Domingo German,germado01,['Sunday'],Sunday,,,,,
Ed Gerner,gerneed01,['Lefty'],Lefty,,,,,
Cesar Geronimo,geronce01,['The Chief'],The Chief,,,,,
Doc Gessler,gessldo01,['Brownie'],Brownie,,,,,
Al Gettel,getteal01,['Two Gun'],Two Gun,,,,,
Gus Getz,getzgu01,['Gee-Gee'],Gee-Gee,,,,,
Pretzels Getzien,getzich01,['Pretzels'],Pretzels,,,,,
Jason Giambi,giambja01,['Giambino'],Giambino,,,,,
Joe Giard,giardjo01,['Peco'],Peco,,,,,
John Gibbons,gibbojo02,['Gibby'],Gibby,,,,,
Bob Gibson,gibsobo01,"['Hoot', 'Gibby']",Hoot,Gibby,,,,
Charlie Gibson,gibsoch01,['Gibby'],Gibby,,,,,
George Gibson,gibsoge01,['Moon'],Moon,,,,,
Kirk Gibson,gibsoki01,['Gibby'],Gibby,,,,,
Kyle Gibson,gibsoky01,['Gibby'],Gibby,,,,,
Norwood Gibson,gibsono01,['Gibby'],Gibby,,,,,
Geronimo Gil,gilge01,['The Chief'],The Chief,,,,,
Jack Gilbert,gilbeja01,['Jackrabbit'],Jackrabbit,,,,,
Logan Gilbert,gilbelo01,['Walter'],Walter,,,,,
Don Gile,giledo01,['Bear'],Bear,,,,,
Ken Giles,gileske01,['100 Miles Giles'],100 Miles Giles,,,,,
Frank Gilhooley,gilhofr01,['Flash'],Flash,,,,,
Johnny Gill,gilljo01,['Patcheye'],Patcheye,,,,,
Warren Gill,gillwa01,['Doc'],Doc,,,,,
Bob Gillespie,gillebo01,['Bunch'],Bunch,,,,,
John Gillespie,gillejo01,['Silent John'],Silent John,,,,,
Jim Gilliam,gilliji01,['Junior'],Junior,,,,,
Paul Gilliford,gillipa01,['Gorilla'],Gorilla,,,,,
Frank Gilmore,gilmofr01,['Shadow'],Shadow,,,,,
Len Gilmore,gilmole01,['Meow'],Meow,,,,,
Hal Gilson,gilsoha01,['Lefty'],Lefty,,,,,
Chris Gimenez,gimench01,['G'],G,,,,,
Lucas Giolito,giolilu01,"['Gio', 'Big Foot']",Gio,Big Foot,,,,
Tommy Giordano,giordto01,['T-Bone'],T-Bone,,,,,
Chris Gittens,gittech01,"[""Hard Hittin'""]",Hard Hittin',,,,,
Mychal Givens,givenmy01,['Tony'],Tony,,,,,
Dan Gladden,gladdda01,"['Dazzle', 'The Dazzle Man', 'Wrench']",Dazzle,The Dazzle Man,Wrench,,,
Fred Glade,gladefr01,['Lucky'],Lucky,,,,,
John Glaiser,glaisjo01,['Bert'],Bert,,,,,
Tyler Glasnow,glasnty01,"['Mini Horse', 'Baby Giraffe']",Mini Horse,Baby Giraffe,,,,
Jack Glasscock,glassja01,['Pebbly Jack'],Pebbly Jack,,,,,
Tommy Glaviano,glavito01,['Rabbit'],Rabbit,,,,,
Bill Gleason,gleasbi01,['Will'],Will,,,,,
Roy Gleason,gleasro01,['Atomico'],Atomico,,,,,
Jim Gleeson,gleesji01,['Gee Gee'],Gee Gee,,,,,
Frank Gleich,gleicfr01,['Inch'],Inch,,,,,
Ed Glenn,glenned01,['Mouse'],Mouse,,,,,
Harry Glenn,glennha01,['Husky'],Husky,,,,,
Joe Glenn,glennjo02,['Gabby'],Gabby,,,,,
Koda Glover,gloveko01,['Bear'],Bear,,,,,
Ed Glynn,glynned01,['The Flushing Flash'],The Flushing Flash,,,,,
Zack Godley,godleza01,['Bull'],Bull,,,,,
John Godwin,godwijo01,['Bunny'],Bunny,,,,,
Erik Goeddel,goedder01,"['Goopy', 'Goody']",Goopy,Goody,,,,
Ryan Goins,goinsry01,['Go Go'],Go Go,,,,,
Paul Goldschmidt,goldspa01,"['Goldy', ""America's First Baseman""]",Goldy,America's First Baseman,,,,
Stan Goletz,goletst01,['Stash'],Stash,,,,,
Austin Gomber,gombeau01,['Big G'],Big G,,,,,
Jonny Gomes,gomesjo01,['Ironsides'],Ironsides,,,,,
Yan Gomes,gomesya01,"['Obi Yan', 'The Yanimal', 'Gomer']",Obi Yan,The Yanimal,Gomer,,,
Carlos Gomez,gomezca01,"['Go-Go', 'Cargo', 'El Titere', 'El Final']",Go-Go,Cargo,El Titere,El Final,,
Jeanmar Gomez,gomezje01,"['Matthew', 'Janko']",Matthew,Janko,,,,
Lefty Gomez,gomezle01,['Goofy'],Goofy,,,,,
Miguel Gomez,gomezmi01,['Little Panda'],Little Panda,,,,,
Tony Gonsolin,gonsoto01,"['Goooose', 'The Cat Man']",Goooose,The Cat Man,,,,
Joe Gonzales,gonzajo01,['Smokey'],Smokey,,,,,
Marco Gonzales,gonzama02,['Gonzo'],Gonzo,,,,,
Adrian Gonzalez,gonzaad01,['El Titan'],El Titan,,,,,
Alex Gonzalez,gonzaal01,['Gonzo'],Gonzo,,,,,
Alex Gonzalez,gonzaal02,['Sea Bass'],Sea Bass,,,,,
Carlos Gonzalez,gonzaca01,['Cargo'],Cargo,,,,,
Chi Chi Gonzalez,gonzach01,['Chi Chi'],Chi Chi,,,,,
Erik Gonzalez,gonzaer01,"['El Mago', 'La Parita']",El Mago,La Parita,,,,
Eusebio Gonzalez,gonzaeu01,['Papo'],Papo,,,,,
Gio Gonzalez,gonzagi01,['Double G'],Double G,,,,,
Juan Gonzalez,gonzaju03,"['Juan Gone', 'Igor']",Juan Gone,Igor,,,,
Luis Gonzalez,gonzalu01,['Gonzo'],Gonzo,,,,,
Marwin Gonzalez,gonzama01,['Margo'],Margo,,,,,
Miguel Gonzalez,gonzami03,"['El Jaliscience', 'El Mariachi']",El Jaliscience,El Mariachi,,,,
Severino Gonzalez,gonzase01,['Chevito'],Chevito,,,,,
Ralph Good,goodra01,['Holy'],Holy,,,,,
Wilbur Good,goodwi01,['Lefty'],Lefty,,,,,
John Goodell,goodejo01,['Lefty'],Lefty,,,,,
Dwight Gooden,goodedw01,"['Doc', 'Dr. K.']",Doc,Dr. K.,,,,
Ival Goodman,goodmiv01,"['Goodie', ""Ol' Mate""]",Goodie,Ol' Mate,,,,
Niko Goodrum,goodrni01,"['J.J. Mumford', 'Stinchcomb']",J.J. Mumford,Stinchcomb,,,,
Brian Goodwin,goodwbr01,['B. Good'],B. Good,,,,,
Tom Goodwin,goodwto01,['Goody'],Goody,,,,,
Nick Goody,goodyni01,['Goods'],Goods,,,,,
Ray Goolsby,goolsra01,['Ox'],Ox,,,,,
Ray Gordinier,gordira01,['Gordy'],Gordy,,,,,
Alex Gordon,gordoal01,['Gordo'],Gordo,,,,,
Joe Gordon,gordojo01,['Flash'],Flash,,,,,
Tom Gordon,gordoto01,['Flash'],Flash,,,,,
George Gore,gorege01,['Piano Legs'],Piano Legs,,,,,
Howie Gorman,gormaho01,['Lefty'],Lefty,,,,,
Jack Gorman,gormaja01,['Stooping Jack'],Stooping Jack,,,,,
Tom Gorman,gormato01,['Big Tom'],Big Tom,,,,,
Tom Gorman,gormato03,['Gorfax'],Gorfax,,,,,
Rich Gossage,gossari01,['Goose'],Goose,,,,,
Phil Gosselin,gosseph01,"['Goose', 'Barrels']",Goose,Barrels,,,,
Daniel Gossett,gosseda01,['Goose'],Goose,,,,,
Trevor Gott,gotttr01,['Gottie'],Gottie,,,,,
Al Gould,gouldal01,['Pudgy'],Pudgy,,,,,
Mauro Gozzo,gozzoma01,['Goose'],Goose,,,,,
Billy Grabarkewitz,grababi01,['Grabs'],Grabs,,,,,
Johnny Grabowski,grabojo01,['Nig'],Nig,,,,,
Mark Grace,gracema01,"['Amazing', 'Gracie', 'Little Hurt']",Amazing,Gracie,Little Hurt,,,
Matt Grace,gracema02,['Gracey'],Gracey,,,,,
Louis Graff,grafflo01,['Chappie'],Chappie,,,,,
Bert Graham,grahabe02,['B.G.'],B.G.,,,,,
Kyle Graham,grahask01,['Skinny'],Skinny,,,,,
Moonlight Graham,grahamo01,['Moonlight'],Moonlight,,,,,
Yasmani Grandal,grandya01,"['YRG Jr', 'Yazmanian Devil']",YRG Jr,Yazmanian Devil,,,,
Curtis Granderson,grandcu01,['Grandy Man'],Grandy Man,,,,,
Eddie Grant,granted01,['Harvard Eddie'],Harvard Eddie,,,,,
Frank Grant,grantfr99,['The Colored Dunlap'],The Colored Dunlap,,,,,
Mark Grant,grantma01,['Mud'],Mud,,,,,
Mudcat Grant,grantmu01,"['Mudcat', 'Jim']",Mudcat,Jim,,,,
George Grantham,grantge01,['Boots'],Boots,,,,,
Don Grate,gratedo01,['Buckeye'],Buckeye,,,,,
Juan Graterol,grateju01,['El Grate'],El Grate,,,,,
Kendall Graveman,graveke01,['Digger'],Digger,,,,,
Brett Graves,gravebr01,['Bump'],Bump,,,,,
Danny Graves,graveda01,['Baby-faced Assassin'],Baby-faced Assassin,,,,,
Sid Graves,gravesi01,['Whitey'],Whitey,,,,,
Jim Gray,grayji01,['Reddy'],Reddy,,,,,
Jon Gray,grayjo02,['Gray Wolf'],Gray Wolf,,,,,
Sam Gray,graysa01,['Sad Sam'],Sad Sam,,,,,
Sonny Gray,grayso01,['Pickles'],Pickles,,,,,
Bill Greason,greasbi01,['Booster'],Booster,,,,,
Craig Grebeck,grebecr01,['Little Hurt'],Little Hurt,,,,,
Chad Green,greench03,['Greeny'],Greeny,,,,,
Harvey Green,greenha02,['Buck'],Buck,,,,,
Hank Greenberg,greenha01,"[""Hammerin' Hank""]",Hammerin' Hank,,,,,
Nelson Greene,greenne01,['Lefty'],Lefty,,,,,
Paddy Greene,greenpa01,['Patsy'],Patsy,,,,,
Shane Greene,greensh02,"['Shaner', 'Team Jake']",Shaner,Team Jake,,,,
Tommy Greene,greento01,"['Jethro', 'Tee to Greene']",Jethro,Tee to Greene,,,,
Tyler Greene,greenty02,['Tyler'],Tyler,,,,,
Mike Greenwell,greenmi01,['Gator'],Gator,,,,,
Bob Greenwood,greenbo01,['Greenie'],Greenie,,,,,
Rusty Greer,greerru01,['The Red Baron'],The Red Baron,,,,,
Luke Gregerson,gregelu01,['Duke'],Duke,,,,,
Dave Gregg,greggda01,['Highpockets'],Highpockets,,,,,
Hal Gregg,greggha01,['Skeets'],Skeets,,,,,
Tom Gregorio,gregoto01,['Tomo'],Tomo,,,,,
Didi Gregorius,gregodi01,"['Sir Didi', 'The Knight', 'Sir MJG']",Sir Didi,The Knight,Sir MJG,,,
Paul Gregory,gregopa01,['Pop'],Pop,,,,,
Grayson Greiner,greingr01,['Gary'],Gary,,,,,
Ed Gremminger,gremmed01,['Battleship'],Battleship,,,,,
Randal Grichuk,grichra01,['Grich'],Grich,,,,,
Ken Griffey Jr.,griffke02,"['Junior', 'The Kid', 'The Natural']",Junior,The Kid,The Natural,,,
A.J. Griffin,griffaj01,['Sweet Lettuce'],Sweet Lettuce,,,,,
Alfredo Griffin,griffal01,['Primo'],Primo,,,,,
Doug Griffin,griffdo01,"['Dude', 'Griff']",Dude,Griff,,,,
Hank Griffin,griffha01,['Pepper'],Pepper,,,,,
Bert Griffith,griffbe01,['Buck'],Buck,,,,,
Clark Griffith,griffcl01,['The Old Fox'],The Old Fox,,,,,
Pedro Grifol,grifope99,['Grif'],Grif,,,,,
Jason Grilli,grillja01,['Grill Cheese'],Grill Cheese,,,,,
Burleigh Grimes,grimebu01,"[""Ol' Stubblebeard""]",Ol' Stubblebeard,,,,,
Ray Grimes,grimera01,['Bummer'],Bummer,,,,,
Charlie Grimm,grimmch01,['Jolly Cholly'],Jolly Cholly,,,,,
Justin Grimm,grimmju01,['Reaper'],Reaper,,,,,
Myron Grimshaw,grimsmy01,['Moose'],Moose,,,,,
Ross Grimsley,grimsro02,"['Scuz', 'Crazy Eyes']",Scuz,Crazy Eyes,,,,
Dan Griner,grineda01,['Rusty'],Rusty,,,,,
Trent Grisham,grishtr01,['Grish'],Grish,,,,,
Johnny Grodzicki,grodzjo01,['Grod'],Grod,,,,,
Lew Groh,grohle01,['Silver'],Silver,,,,,
Bob Groom,groombo01,['The Toothpick Twirler'],The Toothpick Twirler,,,,,
Howard Groskloss,groskho01,['Howdy'],Howdy,,,,,
Ewell Gross,grosstu01,['Turkey'],Turkey,,,,,
Robbie Grossman,grossro01,['RG'],RG,,,,,
Ernie Groth,grother01,['Dango'],Dango,,,,,
Charlie Grover,grovech01,['Bugs'],Bugs,,,,,
Tom Grubbs,grubbto01,['Judge'],Judge,,,,,
Frank Grube,grubefr01,['Hans'],Hans,,,,,
Al Grunwald,grunwal01,['Stretch'],Stretch,,,,,
Robert Gsellman,gsellro01,"['G-Man', 'G']",G-Man,G,,,,
Eddie Guardado,guarded01,['Everyday Eddie'],Everyday Eddie,,,,,
Deolis Guerra,guerrde01,['Largo'],Largo,,,,,
Junior Guerra,guerrju02,['Cabezon'],Cabezon,,,,,
Tayron Guerrero,guerrta01,['El De Bocachica'],El De Bocachica,,,,,
Vladimir Guerrero,guerrvl01,"['Vladdy', 'Vlad the Impaler']",Vladdy,Vlad the Impaler,,,,
Vladimir Guerrero Jr.,guerrvl02,['El K'],El K,,,,,
Taylor Guerrieri,guerrta02,['Tee-Gee'],Tee-Gee,,,,,
Ron Guidry,guidrro01,"['Louisiana Lightning', 'Gator']",Louisiana Lightning,Gator,,,,
Luis Guillorme,guilllu01,['Luismi'],Luismi,,,,,
Bill Gullickson,gullibi01,['Sugar'],Sugar,,,,,
Harry Gumbert,gumbeha01,['Gunboat'],Gunboat,,,,,
Lourdes Gurriel Jr.,gurrilo01,"['Yunito', 'Pinapower Jr.']",Yunito,Pinapower Jr.,,,,
Yuli Gurriel,gourryu01,"['La Pina', 'El Yuli']",La Pina,El Yuli,,,,
Ernie Gust,guster01,['Red'],Red,,,,,
Jandel Gustave,gustaja01,['Gus'],Gus,,,,,
Cesar Gutierrez,gutiece01,['Cocoa'],Cocoa,,,,,
Franklin Gutierrez,gutiefr01,"['Death to Flying Things', 'El Guti']",Death to Flying Things,El Guti,,,,
J.C. Gutierrez,gutieju01,['J C'],J C,,,,,
Brandon Guyer,guyerbr01,"['BG', 'La Pinata']",BG,La Pinata,,,,
Ronald Guzman,guzmaro01,"['Condor', 'Cepeda']",Condor,Cepeda,,,,
Doug Gwosdz,gwosddo01,['Eyechart'],Eyechart,,,,,
Marcus Gwyn,gwynma01,['Marc'],Marc,,,,,
Tony Gwynn,gwynnto01,"['Mr. Padre', 'Captain Video']",Mr. Padre,Captain Video,,,,
Jedd Gyorko,gyorkje01,"['Jerk-Oh', 'Jerk-Store']",Jerk-Oh,Jerk-Store,,,,
Bruno Haas,haasbr01,['Boon'],Boon,,,,,
Bob Habenicht,habenbo01,['Hobby'],Hobby,,,,,
Irv Hach,hachir01,['Major'],Major,,,,,
Stan Hack,hackst01,['Smiling Stan'],Smiling Stan,,,,,
Jim Hackett,hackeji01,['Sunny Jim'],Sunny Jim,,,,,
Harvey Haddix,haddiha01,['Kitten'],Kitten,,,,,
George Haddock,haddoge01,['Gentleman George'],Gentleman George,,,,,
Josh Hader,haderjo01,"['Haderade', 'Stricken']",Haderade,Stricken,,,,
Tom Hafey,hafeyto01,"['Heave-O', 'The Arm']",Heave-O,The Arm,,,,
Travis Hafner,hafnetr01,"['The Project', 'Donkey', 'Pronk']",The Project,Donkey,Pronk,,,
Sam Haggerty,haggesa01,['Swaggerty'],Swaggerty,,,,,
Jesse Hahn,hahnje01,['J Hood'],J Hood,,,,,
Jesse Haines,haineje01,['Pop'],Pop,,,,,
Scott Hairston,hairssc01,"['Scottie', 'Hairy']",Scottie,Hairy,,,,
Jim Haislip,haislji01,['Slim'],Slim,,,,,
Chip Hale,halech01,['Chipper'],Chipper,,,,,
George Hale,halege01,['Ducky'],Ducky,,,,,
Odell Hale,haleod01,['Bad News'],Bad News,,,,,
Ray Hale,haleda01,['Dad'],Dad,,,,,
Raymond Haley,haleyra01,['Pat'],Pat,,,,,
Bill Hall,hallbi01,['Beanie'],Beanie,,,,,
Charley Hall,hallch02,['Sea Lion'],Sea Lion,,,,,
Charlie Hall,hallch01,['Doc'],Doc,,,,,
Dick Hall,halldi01,['Turkey'],Turkey,,,,,
Herb Hall,hallhe01,['Iron Duke'],Iron Duke,,,,,
Tom Hall,hallto01,['The Blade'],The Blade,,,,,
Roy Halladay,hallaro01,['Doc'],Doc,,,,,
Bill Hallahan,hallabi01,['Wild Bill'],Wild Bill,,,,,
Charlie Hallstrom,hallsch01,['Swedish Wonder'],Swedish Wonder,,,,,
Jim Hamby,hambyji01,['Cracker'],Cracker,,,,,
Cole Hamels,hamelco01,['Hollywood'],Hollywood,,,,,
Billy Hamilton,hamilbi01,['Sliding Billy'],Sliding Billy,,,,,
Billy Hamilton,hamilbi02,"['B-Ham', 'Bone']",B-Ham,Bone,,,,
Josh Hamilton,hamiljo03,['The Great Hambino'],The Great Hambino,,,,,
Steve Hamilton,hamilst01,['Gomer'],Gomer,,,,,
Tom Hamilton,hamilto01,['Ham'],Ham,,,,,
Luke Hamlin,hamlilu01,['Hot Potato'],Hot Potato,,,,,
Jason Hammel,hammeja01,['Hammer'],Hammer,,,,,
Robby Hammock,hammoro01,['Hammer'],Hammer,,,,,
Jack Hammond,hammoja01,['Wobby'],Wobby,,,,,
Ralph Hamner,hamnera01,['Bruz'],Bruz,,,,,
Garrett Hampson,hampsga01,['G Hamp'],G Hamp,,,,,
Justin Hancock,hancoju01,['Herbie'],Herbie,,,,,
Brad Hand,handbr01,"['Brotato', 'Brotein Shake']",Brotato,Brotein Shake,,,,
Jim Handiboe,handiji01,['Nick'],Nick,,,,,
Mike Handiboe,handimi01,['Coalyard Mike'],Coalyard Mike,,,,,
Lee Handley,handlle01,['Jeep'],Jeep,,,,,
Bill Hands,handsbi01,['Froggy'],Froggy,,,,,
Fred Haney,haneyfr01,['Pudge'],Pudge,,,,,
Ryan Hanigan,hanigry01,['Hanny'],Hanny,,,,,
Mitch Haniger,hanigmi01,"['Meetch', 'Hammer']",Meetch,Hammer,,,,
Bill Hanlon,hanlobi01,['Big Bill'],Big Bill,,,,,
Jack Hannahan,hannaja01,['Supermanahan'],Supermanahan,,,,,
Andy Hansen,hansean01,['Swede'],Swede,,,,,
Dave Hansen,hanseda01,['Hanny'],Hanny,,,,,
Roy Hansen,hansero01,['Ing'],Ing,,,,,
Alen Hanson,hansoal01,['El Chamaquito'],El Chamaquito,,,,,
Ian Happ,happia01,['Happer'],Happer,,,,,
J.A. Happ,happja01,"['Happer', 'JDot ADot']",Happer,JDot ADot,,,,
John Happenny,happejo01,['Cliff'],Cliff,,,,,
Bill Harbridge,harbibi01,['Yaller Bill'],Yaller Bill,,,,,
Mel Harder,hardeme01,['Chief'],Chief,,,,,
Charlie Harding,hardich01,['Slim'],Slim,,,,,
Alex Hardy,hardyal01,['Dooney'],Dooney,,,,,
Blaine Hardy,hardybl01,['Hardyboy'],Hardyboy,,,,,
Mike Hargrove,hargrmi01,['The Human Rain Delay'],The Human Rain Delay,,,,,
John Harkins,harkijo01,['Pa'],Pa,,,,,
Larry Harlow,harlola01,['Hawk'],Hawk,,,,,
Bob Harmon,harmobo01,['Hickory Bob'],Hickory Bob,,,,,
Bill Harper,harpebi01,['Blue Sleeve'],Blue Sleeve,,,,,
Bryce Harper,harpebr03,"['Bam-Bam', 'Mondo', 'Harp', 'Big Kid', 'The Showman']",Bam-Bam,Mondo,Harp,Big Kid,The Showman,
Ryne Harper,harpery01,['Harp'],Harp,,,,,
Ray Harrell,harrera01,['Cowboy'],Cowboy,,,,,
Ken Harrelson,harreke01,['Hawk'],Hawk,,,,,
Alonzo Harris,harrica01,['Candy'],Candy,,,,,
Dave Harris,harrida01,['Sheriff'],Sheriff,,,,,
Herb Harris,harrihe01,"['Hub', 'Lefty']",Hub,Lefty,,,,
Joe Harris,harrijo03,['Moon'],Moon,,,,,
Michael Harris II,harrimi04,['Money Mike'],Money Mike,,,,,
Will Harris,harriwi10,"['Bill', 'Clutch Cam']",Bill,Clutch Cam,,,,
Josh Harrison,harrijo05,['J Hay'],J Hay,,,,,
Earl Harrist,harriea01,['Irish'],Irish,,,,,
Tom Hart,hartto01,['Bushy'],Bushy,,,,,
Chuck Hartenstein,hartech01,['Twiggy'],Twiggy,,,,,
Frank Harter,hartefr01,['Chief'],Chief,,,,,
Jumbo Harting,hardilo02,['Jumbo'],Jumbo,,,,,
Grover Hartley,hartlgr01,['Slick'],Slick,,,,,
Geoff Hartlieb,hartlge01,['Hart'],Hart,,,,,
Fred Hartman,hartmfr01,['Dutch'],Dutch,,,,,
J C Hartman,hartmj_01,['Cool'],Cool,,,,,
Gabby Hartnett,hartnga01,['Old Tomato Face'],Old Tomato Face,,,,,
Pat Hartnett,hartnpa01,['Happy'],Happy,,,,,
Roy Hartsfield,hartsro01,['Spec'],Spec,,,,,
Clint Hartung,hartucl01,"['Floppy', 'The Hondo Hurricane']",Floppy,The Hondo Hurricane,,,,
Luther Harvel,harvelu01,['Red'],Red,,,,,
Doug Harvey,harvedo99,['God'],God,,,,,
Matt Harvey,harvema01,"['Real Deal', 'Dark Knight of Gotham', 'Harv']",Real Deal,Dark Knight of Gotham,Harv,,,
Ziggy Hasbrook,hasbrzi01,['Ziggy'],Ziggy,,,,,
Shigetoshi Hasegawa,hasegsh01,['Shiggy'],Shiggy,,,,,
Adam Haseley,haselad01,['Rev'],Rev,,,,,
Bill Hassamaer,hassabi01,['Roaring Bill'],Roaring Bill,,,,,
Billy Hatcher,hatchbi01,['El Hatcho'],El Hatcho,,,,,
Chris Hatcher,hatchch02,['Hatch'],Hatch,,,,,
Gil Hatfield,hatfigi01,['Colonel'],Colonel,,,,,
Chris Haughey,haughch01,['Bud'],Bud,,,,,
Arnold Hauser,hausear01,"['Peewee', 'Stub']",Peewee,Stub,,,,
Joe Hauser,hausejo01,['Unser Choe'],Unser Choe,,,,,
Bill Hawke,hawkebi01,['Dick'],Dick,,,,,
Andy Hawkins,hawkian01,['Hawk'],Hawk,,,,,
Wynn Hawkins,hawkiwy01,['Hawk'],Hawk,,,,,
Howie Haworth,haworho01,['Cully'],Cully,,,,,
Gene Hayden,haydele01,['Lefty'],Lefty,,,,,
Bill Hayes,hayesbi01,['Gabby'],Gabby,,,,,
Frankie Hayes,hayesfr01,['Blimp'],Blimp,,,,,
Jim Hayes,hayesji01,['Whitey'],Whitey,,,,,
Ke'Bryan Hayes,hayeske01,['Key'],Key,,,,,
Von Hayes,hayesvo01,['Five-for-one'],Five-for-one,,,,,
Jeremy Hazelbaker,hazelje01,['Raker'],Raker,,,,,
Bob Hazle,hazlebo01,['Hurricane'],Hurricane,,,,,
Chase Headley,headlch01,['Head'],Head,,,,,
Egyptian Healy,healyjo01,"['Egyptian', 'Long John']",Egyptian,Long John,,,,
Ryon Healy,healyry01,"['Heals', 'Bubba']",Heals,Bubba,,,,
Andrew Heaney,heanean01,['Heandog'],Heandog,,,,,
Jim Hearn,hearnji01,['Jumbo Jim'],Jumbo Jim,,,,,
Dave Heaverlo,heaveda01,['Kojak'],Kojak,,,,,
Wally Hebert,heberwa01,['Preacher'],Preacher,,,,,
Richie Hebner,hebneri01,['The Gravedigger'],The Gravedigger,,,,,
Adeiny Hechavarria,hechaad01,"['La Pantera', 'La Pantera Uuff']",La Pantera,La Pantera Uuff,,,,
Austin Hedges,hedgeau01,['Hedgey'],Hedgey,,,,,
Mike Hedlund,hedlumi01,['Red'],Red,,,,,
Don Heffner,heffndo01,"['Jeep', 'Yankee']",Jeep,Yankee,,,,
Jim Hegan,heganji01,['Shanty'],Shanty,,,,,
Emmet Heidrick,heidrem01,['Snags'],Snags,,,,,
Frank Heifer,heifefr01,['Heck'],Heck,,,,,
Harry Heilmann,heilmha01,['Slug'],Slug,,,,,
Fred Heimach,heimafr01,['Lefty'],Lefty,,,,,
Clarence Heise,heisecl01,['Lefty'],Lefty,,,,,
Mel Held,heldme01,['Country'],Country,,,,,
Jeremy Hellickson,hellije01,"['Hellboy', 'Helly']",Hellboy,Helly,,,,
Ryan Helsley,helslry01,['Hellz Bellz'],Hellz Bellz,,,,,
Todd Helton,heltoto01,['The Toddfather'],The Toddfather,,,,,
Heath Hembree,hembrhe01,"['Heater', 'Heater Here']",Heater,Heater Here,,,,
George Hemming,hemmige01,['Old Wax Figger'],Old Wax Figger,,,,,
Charlie Hemphill,hemphch01,['Eagle Eye'],Eagle Eye,,,,,
Bernie Henderson,hendebe01,['Barnyard'],Barnyard,,,,,
Dave Henderson,hendeda01,['Hendu'],Hendu,,,,,
Rickey Henderson,henderi01,['Man of Steal'],Man of Steal,,,,,
Steve Henderson,hendest01,['Stevie Wonder'],Stevie Wonder,,,,,
George Hendrick,hendrge01,['Silent George'],Silent George,,,,,
Harvey Hendrick,hendrha01,['Gink'],Gink,,,,,
Ed Hendricks,hendred01,['Big Ed'],Big Ed,,,,,
Kyle Hendricks,hendrky01,"['The Professor', 'Hendo']",The Professor,Hendo,,,,
Liam Hendriks,hendrli01,['Slydah'],Slydah,,,,,
Tom Henke,henketo01,['The Terminator'],The Terminator,,,,,
Bob Henley,henlebo01,['Ole Hen'],Ole Hen,,,,,
George Hennessey,hennege01,['Three Star'],Three Star,,,,,
Tommy Henrich,henrito01,"['The Clutch', 'Old Reliable']",The Clutch,Old Reliable,,,,
Olaf Henriksen,henriol01,['Swede'],Swede,,,,,
Earl Henry,henryea01,['Hook'],Hook,,,,,
John Henry,henryjo02,['Bull'],Bull,,,,,
Phil Hensiek,hensiph01,['Sid'],Sid,,,,,
Ernie Herbert,herbeer01,['Tex'],Tex,,,,,
Guillermo Heredia,heredgu01,['El Conde'],El Conde,,,,,
Adrian Hernandez,hernaad01,['El Duquecito'],El Duquecito,,,,,
Ariel Hernandez,hernaar01,['El Fai'],El Fai,,,,,
Cesar Hernandez,hernace02,['Cesita'],Cesita,,,,,
David Hernandez,hernada01,['D Hern'],D Hern,,,,,
Elieser Hernandez,hernael01,['Lilo'],Lilo,,,,,
Enrique Hernandez,hernaen02,['Kike'],Kike,,,,,
Felix Hernandez,hernafe02,['King Felix'],King Felix,,,,,
Gorkys Hernandez,hernago01,['Cazador'],Cazador,,,,,
Keith Hernandez,hernake01,['Mex'],Mex,,,,,
Marco Hernandez,hernama02,['Markito'],Markito,,,,,
Orlando Hernandez,hernaor01,['El Duque'],El Duque,,,,,
Teoscar Hernandez,hernate01,"['Oca', 'Mr. Seeds']",Oca,Mr. Seeds,,,,
Xavier Hernandez,hernaxa01,['X-Man'],X-Man,,,,,
Yonny Hernandez,hernayo02,['Mosquito'],Mosquito,,,,,
Walt Herrell,herrewa01,['Reds'],Reds,,,,,
Bobby Herrera,herrebo01,['Tito'],Tito,,,,,
Dilson Herrera,herredi01,['Dilly'],Dilly,,,,,
Jose Herrera,herrejo01,['Loco'],Loco,,,,,
Kelvin Herrera,herreke01,"['H', 'K 40']",H,K 40,,,,
Odubel Herrera,herreod01,['El Torito'],El Torito,,,,,
Rosell Herrera,herrero02,['Varon'],Varon,,,,,
Troy Herriage,herritr01,['Dutch'],Dutch,,,,,
Art Herring,herriar01,"['Red', 'Sandy']",Red,Sandy,,,,
Bill Herring,herribi01,['Smoke'],Smoke,,,,,
Chris Herrmann,herrmch01,['Hermm the Worm'],Hermm the Worm,,,,,
Marty Herrmann,herrmma01,['Lefty'],Lefty,,,,,
Willard Hershberger,hershwi01,['Bill'],Bill,,,,,
Orel Hershiser,hershor01,['Bulldog'],Bulldog,,,,,
David Hess,hessda01,['Hesser'],Hesser,,,,,
Ed Heusser,heussed01,['The Wild Elk Of The Wasatch'],The Wild Elk Of The Wasatch,,,,,
Mike Heydon,heydomi01,['Ed'],Ed,,,,,
Jason Heyward,heywaja01,['The J-Hey Kid'],The J-Hey Kid,,,,,
Jim Hickey,hickeji01,['Sid'],Sid,,,,,
Charlie Hickman,hickmch01,"['Piano Legs', 'Cheerful Charlie']",Piano Legs,Cheerful Charlie,,,,
Jim Hickman,hickmji02,['Gentleman Jim'],Gentleman Jim,,,,,
Aaron Hicks,hicksaa01,"['A-A-Ron', 'Hicksie']",A-A-Ron,Hicksie,,,,
John Hicks,hicksjo02,['Jazz'],Jazz,,,,,
Jordan Hicks,hicksjo03,['Type 1'],Type 1,,,,,
Kyle Higashioka,higasky01,['Higgy'],Higgy,,,,,
Eddie Higgins,higgied01,"['Doc', 'Irish', 'Zimri']",Doc,Irish,Zimri,,,
Pinky Higgins,higgipi01,['Pinky'],Pinky,,,,,
Andy High,highan01,"['Handy Andy', 'Knee']",Handy Andy,Knee,,,,
Ed High,highed01,['Lefty'],Lefty,,,,,
Hugh High,highhu01,['Bunny'],Bunny,,,,,
Walter Hilcher,hilchwh01,['Whitey'],Whitey,,,,,
Palmer Hildebrand,hildepa01,['Pete'],Pete,,,,,
Trevor Hildenberger,hildetr01,['Hildy'],Hildy,,,,,
Aaron Hill,hillaa01,['Hilly'],Hilly,,,,,
Bill Hill,hillbi01,['Still Bill'],Still Bill,,,,,
Carmen Hill,hillca01,"['Specs', 'Bunker']",Specs,Bunker,,,,
Hunter Hill,hillhu01,['Texas Hill'],Texas Hill,,,,,
Marc Hill,hillma01,['Booter'],Booter,,,,,
Rich Hill,hillri01,"['Brice', 'D. Mountain', 'Field of Genes']",Brice,D. Mountain,Field of Genes,,,
Tim Hill,hillti01,['Tim Jim'],Tim Jim,,,,,
Frank Hiller,hillefr01,['Dutch'],Dutch,,,,,
Ed Hilley,hilleed01,['Whitey'],Whitey,,,,,
Vedie Himsl,himslve99,['(Vedie)'],(Vedie),,,,,
Paul Hinrichs,hinripa01,['Herky'],Herky,,,,,
Eric Hinske,hinsker01,['Big Ske'],Big Ske,,,,,
John Hinton,hintojo01,['Red'],Red,,,,,
Yoshihisa Hirano,hiranyo01,"['Yoshi San', 'Yoshiii']",Yoshi San,Yoshiii,,,,
Roy Hitt,hittro01,['Rhino'],Rhino,,,,,
Lloyd Hittle,hittlll01,['Red'],Red,,,,,
Keston Hiura,hiurake01,['Kestdaddy'],Kestdaddy,,,,,
Don Hoak,hoakdo01,['Tiger'],Tiger,,,,,
Bill Hobbs,hobbsbi01,['Smokey'],Smokey,,,,,
Dick Hoblitzell,hoblidi01,['Doc'],Doc,,,,,
Oris Hockett,hockeor01,['Brown'],Brown,,,,,
George Hockette,hockege01,['Lefty'],Lefty,,,,,
Art Hoelskoetter,hoelsar01,"['Holley', 'Hoss']",Holley,Hoss,,,,
Red Hoff,hoffre01,['Red'],Red,,,,,
Bill Hoffer,hoffebi01,"['Chick', 'Wizard']",Chick,Wizard,,,,
Clarence Hoffman,hoffmdu01,"['C.C.', 'Dutch']",C.C.,Dutch,,,,
Frank Hoffman,hoffmfr01,['The Texas Wonder'],The Texas Wonder,,,,,
Glenn Hoffman,hoffmgl01,['Hoff'],Hoff,,,,,
Jeff Hoffman,hoffmje02,['Hoff'],Hoff,,,,,
John Hoffman,hoffmjo01,['Pork Chop'],Pork Chop,,,,,
Micah Hoffpauir,hoffpmi01,['Micah'],Micah,,,,,
Solly Hofman,hofmaso01,['Circus Solly'],Circus Solly,,,,,
Fred Hofmann,hofmafr01,['Bootnose'],Bootnose,,,,,
Bert Hogg,hoggbe01,['Sonny'],Sonny,,,,,
Bill Hogg,hoggbi01,['Buffalo Bill'],Buffalo Bill,,,,,
Bryan Holaday,holadbr01,['Holly'],Holly,,,,,
Joe Holden,holdejo01,['Socks'],Socks,,,,,
Jonathan Holder,holdejo02,"['Holdy', 'Johnny']",Holdy,Johnny,,,,
Jim Holdsworth,holdsji01,['Long Jim'],Long Jim,,,,,
Walter Holke,holkewa01,['Union Man'],Union Man,,,,,
Bill Hollahan,hollabi01,['Happy'],Happy,,,,,
Al Holland,hollaal01,['Mr. T'],Mr. T,,,,,
Bill Holland,hollabi02,['Dutch'],Dutch,,,,,
Derek Holland,hollade01,"['Dutch Oven', 'Last Name', 'Dutch']",Dutch Oven,Last Name,Dutch,,,
Greg Holland,hollagr01,"['Dirty South', 'Holly']",Dirty South,Holly,,,,
Matt Holliday,hollima01,['Big Daddy'],Big Daddy,,,,,
Al Hollingsworth,hollial01,['Boots'],Boots,,,,,
Dave Hollins,hollida01,"['Head', 'Mikey', 'Headley']",Head,Mikey,Headley,,,
John Hollison,hollijo01,['Swede'],Swede,,,,,
Stan Hollmig,hollmst01,['Hondo'],Hondo,,,,,
Brad Holman,holmabr02,['Holey'],Holey,,,,,
David Holmberg,holmbda01,['DH'],DH,,,,,
Darren Holmes,holmeda01,['Holmie'],Holmie,,,,,
Tommy Holmes,holmeto01,['Kelly'],Kelly,,,,,
Brock Holt,holtbr01,"['Brock Star', 'BH']",Brock Star,BH,,,,
Vern Holtgrave,holtgve01,['Woody'],Woody,,,,,
Rick Honeycutt,honeyri01,['Honey'],Honey,,,,,
Harry Hooper,hoopeha01,['Hoop'],Hoop,,,,,
Burt Hooton,hootobu01,['Happy'],Happy,,,,,
J.J. Hoover,hoovejj01,['Hoov'],Hoov,,,,,
William Hoover,hoovebu01,['Buster'],Buster,,,,,
Buck Hopkins,hopkibu01,['Sis'],Sis,,,,,
Mike Hopkins,hopkimi01,['Skinner'],Skinner,,,,,
Johnny Hopp,hoppjo01,['Cotney'],Cotney,,,,,
Bill Hopper,hoppebi01,['Bird Dog'],Bird Dog,,,,,
Joe Horlen,horlejo01,['Hard Luck'],Hard Luck,,,,,
Trader Horne,hornetr01,['Sonny'],Sonny,,,,,
Rogers Hornsby,hornsro01,['Rajah'],Rajah,,,,,
Joe Hornung,hornujo01,['Ubbo Ubbo'],Ubbo Ubbo,,,,,
Elmer Horton,hortoel01,['Herky Jerky'],Herky Jerky,,,,,
Willie Horton,hortowi01,"['Willie the Wonder', 'The Ancient Mariner']",Willie the Wonder,The Ancient Mariner,,,,
Rhys Hoskins,hoskirh01,"['Hosk', 'Big Hosk', 'Big Fella', 'Rhys Lightning']",Hosk,Big Hosk,Big Fella,Rhys Lightning,,
Eric Hosmer,hosmeer01,"['Hoz', 'Papo']",Hoz,Papo,,,,
Gene Host,hostge01,"['Twinkles', 'Slick']",Twinkles,Slick,,,,
Pete Hotaling,hotalpe01,['Monkey'],Monkey,,,,,
Byron Houck,houckby01,['Duke'],Duke,,,,,
Ralph Houk,houkra01,['Major'],Major,,,,,
Frank House,housefr03,['Pig'],Pig,,,,,
Adrian Houser,housead01,['Doogy'],Doogy,,,,,
Steve Hovley,hovlest01,['Tennis Ball Head'],Tennis Ball Head,,,,,
Dave Howard,howarda01,['Del'],Del,,,,,
Frank Howard,howarfr01,"['Hondo', 'The Capital Punisher', 'The Washington Monument']",Hondo,The Capital Punisher,The Washington Monument,,,
Paul Howard,howarpa01,['Del'],Del,,,,,
Ryan Howard,howarry01,['Big Piece'],Big Piece,,,,,
Sam Howard,howarsa01,['Sammy'],Sammy,,,,,
Les Howe,howele01,['Lucky'],Lucky,,,,,
Red Howell,howelre01,['Porky'],Porky,,,,,
Roland Howell,howelro01,['Billiken'],Billiken,,,,,
Bill Howerton,howerbi01,['Hopalong'],Hopalong,,,,,
Dan Howley,howleda01,"['Howling Dan', 'Dapper Dan']",Howling Dan,Dapper Dan,,,,
Billy Hoy,hoydu01,['Dummy'],Dummy,,,,,
Jared Hoying,hoyinja01,['Wolf'],Wolf,,,,,
James Hoyt,hoytja01,['Hoyter'],Hoyter,,,,,
LaMarr Hoyt,hoytla01,['The Incredible Bulk'],The Incredible Bulk,,,,,
Waite Hoyt,hoytwa01,['Schoolboy'],Schoolboy,,,,,
Al Hrabosky,hraboal01,"['The Mad Hungarian', 'Hungo']",The Mad Hungarian,Hungo,,,,
Kent Hrbek,hrbekke01,['Herbie'],Herbie,,,,,
Chih-Wei Hu,huch02,['Who?'],Who?,,,,,
Carl Hubbell,hubbeca01,"['King Carl', 'Meal Ticket']",King Carl,Meal Ticket,,,,
Clarence Huber,hubercl01,['Gilly'],Gilly,,,,,
Rex Hudler,hudlere01,['Wonder Dog'],Wonder Dog,,,,,
Willis Hudlin,hudliwi01,['Ace'],Ace,,,,,
Dakota Hudson,hudsoda02,['Dak'],Dak,,,,,
Daniel Hudson,hudsoda01,['Huddy'],Huddy,,,,,
Hal Hudson,hudsoha01,"['Bud', 'Lefty']",Bud,Lefty,,,,
Johnny Hudson,hudsojo01,['Mr. Chips'],Mr. Chips,,,,,
Orlando Hudson,hudsoor01,['O-Dog'],O-Dog,,,,,
Aubrey Huff,huffau01,['Huff Daddy'],Huff Daddy,,,,,
Miller Huggins,huggimi01,"['Hug', 'Mighty Mite']",Hug,Mighty Mite,,,,
Jared Hughes,hugheja02,"['Bull', 'Robot', 'Ostrich']",Bull,Robot,Ostrich,,,
Jim Hughes,hugheji03,['Bluegill'],Bluegill,,,,,
Phil Hughes,hugheph01,['Peej'],Peej,,,,,
Roy Hughes,hughero01,"['Jeep', 'Sage']",Jeep,Sage,,,,
Tom Hughes,hugheto01,['Long Tom'],Long Tom,,,,,
Tom Hughes,hugheto02,['Salida Tom'],Salida Tom,,,,,
Vern Hughes,hugheve01,['Lefty'],Lefty,,,,,
Jim Hughey,hugheji01,['Coldwater Jim'],Coldwater Jim,,,,,
Emil Huhn,huhnem01,['Hap'],Hap,,,,,
John Hummel,hummejo01,['Silent John'],Silent John,,,,,
Nick Hundley,hundlni01,['Hundo'],Hundo,,,,,
Randy Hundley,hundlra01,['Rebel'],Rebel,,,,,
Bernie Hungling,hunglbe01,['Bud'],Bud,,,,,
Bill Hunnefield,hunnebi01,['Wild Bill'],Wild Bill,,,,,
Ben Hunt,huntbe01,['High Pockets'],High Pockets,,,,,
Joel Hunt,huntjo01,['Jodie'],Jodie,,,,,
Catfish Hunter,hunteca01,['Jim'],Jim,,,,,
Tommy Hunter,hunteto02,"['Tommy Two Towel', 'Bigger Fella', 'Big Game']",Tommy Two Towel,Bigger Fella,Big Game,,,
Torii Hunter,hunteto01,['Spider-Man'],Spider-Man,,,,,
Walt Huntzinger,huntzwa01,['Shakes'],Shakes,,,,,
Tom Hurd,hurdto01,['Whitey'],Whitey,,,,,
Jason Hursh,hurshja01,['Hurshy'],Hurshy,,,,,
Carl Husta,hustaca01,['Sox'],Sox,,,,,
Bert Husting,hustibe01,['Pete'],Pete,,,,,
Joe Hutcheson,hutchjo01,"['Slug', 'Poodles']",Slug,Poodles,,,,
Bill Hutchison,hutchbi01,['Wild Bill'],Wild Bill,,,,,
Drew Hutchison,hutchdr01,['Hutch'],Hutch,,,,,
Brandon Hyde,hydebr99,['Hyder'],Hyder,,,,,
Tim Hyers,hyersti01,['Tom'],Tom,,,,,
Chris Iannetta,iannech01,"['Sponge', 'Destructobeam', 'C.I.']",Sponge,Destructobeam,C.I.,,,
Jose Iglesias,iglesjo01,['Candelita'],Candelita,,,,,
Raisel Iglesias,iglesra01,"['El Ciclon', 'Oliver']",El Ciclon,Oliver,,,,
Tadahito Iguchi,iguchta01,['Tad'],Tad,,,,,
Pete Incaviglia,incavpe01,"['Inky', 'Load']",Inky,Load,,,,
Ender Inciarte,inciaen01,"['Game Ender', 'Astolfo']",Game Ender,Astolfo,,,,
Gregory Infante,infangr01,['El Meteorico'],El Meteorico,,,,,
Happy Iott,iottha01,"['Happy Jack', 'Biddo']",Happy Jack,Biddo,,,,
Hal Irelan,irelaha01,['Grump'],Grump,,,,,
Cole Irvin,irvinco01,['Swirvin Irvin'],Swirvin Irvin,,,,,
Monte Irvin,irvinmo01,['Mr. Murder'],Mr. Murder,,,,,
Arthur Irwin,irwinar01,"['Doc', 'Sandy']",Doc,Sandy,,,,
Bill Irwin,irwinbi01,['Phil'],Phil,,,,,
Frank Isbell,isbelfr01,['Bald Eagle'],Bald Eagle,,,,,
Travis Ishikawa,ishiktr01,['Smoky'],Smoky,,,,,
Hisashi Iwakuma,iwakuhi01,['Kuma'],Kuma,,,,,
Maicer Izturis,izturma01,['Mighty Mouse'],Mighty Mouse,,,,,
Ray Jablonski,jablora01,['Jabbo'],Jabbo,,,,,
Austin Jackson,jacksau01,['Ajax'],Ajax,,,,,
Bo Jackson,jacksbo01,['Bo Knows'],Bo Knows,,,,,
Charlie Jackson,jacksch02,['Lefty'],Lefty,,,,,
Danny Jackson,jacksda02,"['DJ', 'Jason']",DJ,Jason,,,,
Edwin Jackson,jacksed01,"['E Jax', 'Scoop']",E Jax,Scoop,,,,
George Jackson,jacksge01,['Hickory'],Hickory,,,,,
Grant Jackson,jacksgr01,['Buck'],Buck,,,,,
Joe Jackson,jacksjo01,['Shoeless Joe Jackson'],Shoeless Joe Jackson,,,,,
Luke Jackson,jackslu01,"['Fireman', 'Skywalker']",Fireman,Skywalker,,,,
Randy Jackson,jacksra01,['Handsom Ransom'],Handsom Ransom,,,,,
Reggie Jackson,jacksre01,['Mr. October'],Mr. October,,,,,
Ron Jackson,jacksro02,"['Papa Jack', 'Papa Up']",Papa Jack,Papa Up,,,,
Travis Jackson,jackstr01,['Stonewall'],Stonewall,,,,,
Spook Jacobs,jacobsp01,['Spook'],Spook,,,,,
Brook Jacoby,jacobbr01,['Jake'],Jake,,,,,
Jason Jacome,jacomja01,['Hawk'],Hawk,,,,,
Joe Jaeger,jaegejo01,['Zip'],Zip,,,,,
Sig Jakucki,jakucsi01,['Jack'],Jack,,,,,
Charles Jamerson,jamerle01,"['Charlie', 'Lefty']",Charlie,Lefty,,,,
Art James,jamesar01,['Spider'],Spider,,,,,
Bert James,jamesbe01,['Jesse'],Jesse,,,,,
Bill James,jamesbi01,['Big Bill'],Big Bill,,,,,
Bill James,jamesbi02,['Seattle Bill'],Seattle Bill,,,,,
Jeff James,jamesje01,['Jesse'],Jesse,,,,,
Charlie Jamieson,jamiech01,['Cuckoo'],Cuckoo,,,,,
Paul Janish,janispa01,['Yanny'],Yanny,,,,,
Travis Jankowski,jankotr01,['Fred'],Fred,,,,,
Danny Jansen,janseda01,['Jano'],Jano,,,,,
Kenley Jansen,janseke01,"['Kenleyfornia', ""Ma'montro""]",Kenleyfornia,Ma'montro,,,,
Walter Jantzen,jantzhe01,['Heinie'],Heinie,,,,,
Hal Janvrin,janvrha01,['Childe Harold'],Childe Harold,,,,,
John Jaso,jasojo01,['Easy J'],Easy J,,,,,
Al Javery,javeral01,['Beartracks'],Beartracks,,,,,
Cristian Javier,javiecr01,['El Reptil'],El Reptil,,,,,
Julian Javier,javieju01,"['The Phantom', 'Hoolie']",The Phantom,Hoolie,,,,
Jon Jay,jayjo02,"['The Federalist', '305 J']",The Federalist,305 J,,,,
Jeremy Jeffress,jeffrje01,"['Jay-Jay', 'Jota Jota']",Jay-Jay,Jota Jota,,,,
Frank Jelincich,jelinfr01,['Jelly'],Jelly,,,,,
Fergie Jenkins,jenkife01,['Fly'],Fly,,,,,
Tom Jenkins,jenkito01,['Tut'],Tut,,,,,
Dan Jennings,jennida01,['DJ'],DJ,,,,,
Hughie Jennings,jennihu01,['Ee-Yah'],Ee-Yah,,,,,
Jackie Jensen,jenseja01,['Golden Boy'],Golden Boy,,,,,
Marcus Jensen,jensema01,['M J'],M J,,,,,
Derek Jeter,jeterde01,"['Mr. November', 'The Captain', 'Captain Clutch', 'DJ']",Mr. November,The Captain,Captain Clutch,DJ,,
Sam Jethroe,jethrsa01,['Jet'],Jet,,,,,
Jake Jewell,jewelja01,['Bob'],Bob,,,,,
Eduardo Jimenez,jimened01,['Jimmy'],Jimmy,,,,,
Eloy Jimenez,jimenel02,['Big Baby'],Big Baby,,,,,
Joe Jimenez,jimenjo02,['Jo Jo'],Jo Jo,,,,,
Ubaldo Jimenez,jimenub01,"['U', 'Big U']",U,Big U,,,,
Augie Johns,johnsau01,['Lefty'],Lefty,,,,,
Art Johnson,johnsar02,['Lefty'],Lefty,,,,,
Bart Johnson,johnsba01,['Toys in the Attic'],Toys in the Attic,,,,,
Billy Johnson,johnsbi03,['Bull'],Bull,,,,,
Bob Johnson,johnsbo01,['Indian Bob'],Indian Bob,,,,,
Bob Johnson,johnsbo02,['Rocky'],Rocky,,,,,
Brian Johnson,johnsbr02,['BJ'],BJ,,,,,
Charlie Johnson,johnsch01,['Home Run'],Home Run,,,,,
Chet Johnson,johnsch03,['Chesty Chet'],Chesty Chet,,,,,
Cliff Johnson,johnscl01,['Heathcliff'],Heathcliff,,,,,
Daniel Johnson,johnsda07,['Jet'],Jet,,,,,
Don Johnson,johnsdo02,['Pep'],Pep,,,,,
Earl Johnson,johnsea01,['Lefty'],Lefty,,,,,
Elmer Johnson,johnsel01,['Hickory'],Hickory,,,,,
Footer Johnson,johnsfo01,['Treads'],Treads,,,,,
Fred Johnson,johnsfr01,"['Deacon', 'Cactus']",Deacon,Cactus,,,,
George Johnson,johnsch02,"['Murphy', 'Big Murph']",Murphy,Big Murph,,,,
Howard Johnson,johnsho01,['HoJo'],HoJo,,,,,
Jim Johnson,johnsji04,['JJ'],JJ,,,,,
Johnny Johnson,johnsjo03,['Swede'],Swede,,,,,
Ken Johnson,johnske01,['Hook'],Hook,,,,,
Lance Johnson,johnsla03,['One Dog'],One Dog,,,,,
Lefty Johnson,johnsbi01,['Sleepy Bill'],Sleepy Bill,,,,,
Lloyd Johnson,johnsll01,['Eppa'],Eppa,,,,,
Lou Johnson,johnslo01,"['Sweet Lou', 'Slick']",Sweet Lou,Slick,,,,
Pierce Johnson,johnspi01,['PJ'],PJ,,,,,
Randy Johnson,johnsra05,['Big Unit'],Big Unit,,,,,
Rankin Johnson,johnsra01,['Tex'],Tex,,,,,
Roy Johnson,johnsro01,['Hardrock'],Hardrock,,,,,
Walter Johnson,johnswa01,"['Barney', 'The Big Train']",Barney,The Big Train,,,,
Roy Joiner,joinero01,['Pop'],Pop,,,,,
Stan Jok,jokst01,['Tucker'],Tucker,,,,,
Smead Jolley,jollesm01,"['Guinea', 'Smudge']",Guinea,Smudge,,,,
Dave Jolly,jollyda01,['Gabby'],Gabby,,,,,
Adam Jones,jonesad01,"['Pappo', 'AJ', 'La Gente', 'Roots']",Pappo,AJ,La Gente,Roots,,
Andruw Jones,jonesan01,['The Curacao Kid'],The Curacao Kid,,,,,
Bill Jones,jonesbi02,['Midget'],Midget,,,,,
Bob Jones,jonesbo01,['Ducky'],Ducky,,,,,
Carroll Jones,jonesde01,['Deacon'],Deacon,,,,,
Charley Jones,jonesch01,['Baby'],Baby,,,,,
Charlie Jones,jonesch03,['Casey'],Casey,,,,,
Cowboy Jones,jonesco01,['Bronco'],Bronco,,,,,
Dale Jones,jonesda02,['Nubs'],Nubs,,,,,
Davy Jones,jonesda01,['Kangaroo'],Kangaroo,,,,,
Doug Jones,jonesdo01,['Mild Thing'],Mild Thing,,,,,
Earl Jones,jonesea01,['Lefty'],Lefty,,,,,
Elijah Jones,jonesel01,['Bumpus'],Bumpus,,,,,
Garrett Jones,jonesga02,['G.I. Jones'],G.I. Jones,,,,,
Henry Jones,joneshe01,['Baldy'],Baldy,,,,,
Howie Jones,jonesho01,['Cotton'],Cotton,,,,,
Hunter Jones,joneshu01,['Hunter'],Hunter,,,,,
Jack Jones,jonesja02,['Jumping Jack'],Jumping Jack,,,,,
JaCoby Jones,jonesja07,"['Juicy J', 'J.J.']",Juicy J,J.J.,,,,
Jacque Jones,jonesja05,['Double J'],Double J,,,,,
Jahmai Jones,jonesja08,['Jam'],Jam,,,,,
Jim Jones,jonesji01,['Sheriff'],Sheriff,,,,,
John Jones,jonesjo02,['Skins'],Skins,,,,,
Johnny Jones,jonesjo01,"['Admiral', 'Alabama']",Admiral,Alabama,,,,
Ken Jones,joneske01,['Broadway'],Broadway,,,,,
Mack Jones,jonesma01,['Mack The Knife'],Mack The Knife,,,,,
Nate Jones,jonesna01,"[""Nate's Nation""]",Nate's Nation,,,,,
Oscar Jones,jonesos01,['Flip Flap'],Flip Flap,,,,,
Ri Jones,jonesja01,"['Ri', 'Angel Sleeves']",Ri,Angel Sleeves,,,,
Ruppert Jones,jonesru01,['Rupe'],Rupe,,,,,
Ryder Jones,jonesry01,['Jonesy'],Jonesy,,,,,
Sad Sam Jones,jonessa01,['Sad Sam'],Sad Sam,,,,,
Sam Jones,jonessa02,['Toothpick Sam'],Toothpick Sam,,,,,
Sheldon Jones,jonessh01,['Available'],Available,,,,,
Sherman Jones,jonessh02,['Roadblock'],Roadblock,,,,,
Todd Jones,jonesto02,['Roller Coaster'],Roller Coaster,,,,,
Willie Jones,joneswi01,"[""Puddin' Head""]",Puddin' Head,,,,,
Charlie Jordan,jordach01,['Kid'],Kid,,,,,
Jimmy Jordan,jordaji01,['Lord'],Lord,,,,,
Mike Jordan,jordami01,['Mitty'],Mitty,,,,,
Ricky Jordan,jordari02,['Cool Papa'],Cool Papa,,,,,
Rip Jordan,jordari01,['Lanky'],Lanky,,,,,
Caleb Joseph,josepca01,"['Cabob', 'Cale']",Cabob,Cale,,,,
Tommy Joseph,josepto01,"['ToJo', 'The Scorpion']",ToJo,The Scorpion,,,,
Ben Joyce,joycebe01,['The Volunteer Fireman'],The Volunteer Fireman,,,,,
Bill Joyce,joycebi01,['Scrappy Bill'],Scrappy Bill,,,,,
Matt Joyce,joycema01,"['DJ SS', ""Sweet Swingin'""]",DJ SS,Sweet Swingin',,,,
Wally Joyner,joynewa01,['Wally World'],Wally World,,,,,
Oscar Judd,juddos01,['Ossie'],Ossie,,,,,
Jeff Juden,judenje01,['Nuke'],Nuke,,,,,
Aaron Judge,judgeaa01,"['The Judge', 'All Rise', 'BAJ', 'Arson Judge']",The Judge,All Rise,BAJ,Arson Judge,,
Lyle Judy,judyly01,['Punch'],Punch,,,,,
Red Juelich,juelire01,['Jackie'],Jackie,,,,,
Ken Jungels,jungeke01,['Curly'],Curly,,,,,
Jakob Junis,junisja01,['June Bug'],June Bug,,,,,
Ariel Jurado,juradar01,['Bartolito'],Bartolito,,,,,
Walt Justis,justiwa01,['Smoke'],Smoke,,,,,
Kila Ka'aihue,kaaihki01,['Kila'],Kila,,,,,
Jim Kaat,kaatji01,['Kitty'],Kitty,,,,,
Jake Kafora,kaforja01,['Tomatoes'],Tomatoes,,,,,
Ike Kahdot,kahdoik01,['Chief'],Chief,,,,,
George Kahler,kahlege01,['Krum'],Krum,,,,,
Owen Kahn,kahnow01,['Jack'],Jack,,,,,
Tommy Kahnle,kahnlto01,"['The Kahn', 'King Kahn']",The Kahn,King Kahn,,,,
Al Kaiser,kaiseal01,['Deerfoot'],Deerfoot,,,,,
Bob Kaiser,kaisebo01,['Chisel'],Chisel,,,,,
Don Kaiser,kaisedo01,['Tiger'],Tiger,,,,,
Charlie Kalbfus,kalbfch01,['Skinny'],Skinny,,,,,
Bill Kalfass,kalfabi01,['Lefty'],Lefty,,,,,
Frank Kalin,kalinfr01,['Fats'],Fats,,,,,
Al Kaline,kalinal01,"['Mr. Tiger', 'Six']",Mr. Tiger,Six,,,,
Frank Kane,kanefr01,['Sugar'],Sugar,,,,,
Harry Kane,kaneha01,['Klondike'],Klondike,,,,,
Jim Kane,kaneji01,['Shamus'],Shamus,,,,,
Tom Kane,kaneto01,['Sugar'],Sugar,,,,,
Rod Kanehl,kanehro01,['Hot Rod'],Hot Rod,,,,,
Erv Kantlehner,kantler01,['Peanuts'],Peanuts,,,,,
Gabe Kapler,kaplega01,"['Kap', 'The Body']",Kap,The Body,,,,
Henry Kappel,kappehe01,['Heinie'],Heinie,,,,,
Paul Kardow,kardopa01,['Tex'],Tex,,,,,
Ed Karger,kargeed01,['Loose'],Loose,,,,,
Ron Karkovice,karkoro01,['Officer'],Officer,,,,,
Bill Karlon,karlobi01,['Hank'],Hank,,,,,
Nate Karns,karnsna01,['Nate Dogg'],Nate Dogg,,,,,
Herb Karpel,karpehe01,['Lefty'],Lefty,,,,,
Benn Karr,karrbe01,['Baldy'],Baldy,,,,,
John Karst,karstjo01,"['Big Jack', 'King']",Big Jack,King,,,,
Jack Katoll,katolja01,"['Big Jack', 'Katy']",Big Jack,Katy,,,,
Charlie Kavanagh,kavanch01,['Silk'],Silk,,,,,
Bill Kay,kaybi01,['King Bill'],King Bill,,,,,
Scott Kazmir,kazmisc01,"['Kazmanian Devil', 'Pizza Man']",Kazmanian Devil,Pizza Man,,,,
Tom Kearns,kearnto01,['Dasher'],Dasher,,,,,
Eddie Kearse,kearsed01,['Truck'],Truck,,,,,
Walter Keating,keatich01,['Chick'],Chick,,,,,
Tim Keefe,keefeti01,"['Smiling Tim', 'Sir Timothy']",Smiling Tim,Sir Timothy,,,,
Bob Keegan,keegabo01,['Smiley'],Smiley,,,,,
Willie Keeler,keelewi01,"['Wee Willie', ""Hit 'Em Where They Ain't""]",Wee Willie,Hit 'Em Where They Ain't,,,,
Burt Keeley,keelebu01,['Speed'],Speed,,,,,
Bill Keen,keenbi01,['Buster'],Buster,,,,,
Jimmie Keenan,keenaji02,['Sparkplug'],Sparkplug,,,,,
Harry Keener,keeneha01,['Beans'],Beans,,,,,
Katsy Keifer,keifeka01,['Katsy'],Katsy,,,,,
Bill Keister,keistbi01,['Wagon Tongue'],Wagon Tongue,,,,,
Keone Kela,kelake01,"['Ke', 'Key', 'Llave']",Ke,Key,Llave,,,
George Kelb,kelbge01,"['Pugger', 'Lefty']",Pugger,Lefty,,,,
Brad Keller,kellebr01,"['B.K.', 'Yeldarb']",B.K.,Yeldarb,,,,
Charlie Keller,kellech01,['King Kong'],King Kong,,,,,
Shawn Kelley,kellesh01,"['Bak-Pak', 'Kelleytime']",Bak-Pak,Kelleytime,,,,
Frank Kelliher,kellifr01,['Yucca'],Yucca,,,,,
Bill Kelly,kellybi03,['Big Bill'],Big Bill,,,,,
Carson Kelly,kellyca02,['Cars'],Cars,,,,,
George Kelly,kellyge01,['High Pockets'],High Pockets,,,,,
Herb Kelly,kellyhe01,['Moke'],Moke,,,,,
Joe Kelly,kellyjo05,"['JK', 'Jimmy B', '909']",JK,Jimmy B,909,,,
John Kelly,kellyjo01,"['Honest John', 'Father']",Honest John,Father,,,,
Kick Kelly,kellyki02,['Diamond John'],Diamond John,,,,,
Merrill Kelly,kellyme01,['Mert'],Mert,,,,,
Roberto Kelly,kellyro01,['Bobby'],Bobby,,,,,
Tom Kelly,kellyto01,['T.K.'],T.K.,,,,,
Ty Kelly,kellyty01,['TK'],TK,,,,,
Ken Keltner,keltnke01,['Butch'],Butch,,,,,
John Kelty,keltyjo01,['Chief'],Chief,,,,,
Russ Kemmerer,kemmeru01,"['Rusty', 'Dutch', 'Kimmersak']",Rusty,Dutch,Kimmersak,,,
Matt Kemp,kempma01,['The Bison'],The Bison,,,,,
Tony Kemp,kempto01,"['Kempy', 'Chieng']",Kempy,Chieng,,,,
Howie Kendrick,kendrho01,['Truck'],Truck,,,,,
Ed Kenna,kennaed01,['The Pitching Poet'],The Pitching Poet,,,,,
Eddie Kenna,kennaed02,['Scrap Iron'],Scrap Iron,,,,,
Bill Kennedy,kennebi02,['Lefty'],Lefty,,,,,
Ian Kennedy,kenneia01,"['IPK', 'Budda', 'E']",IPK,Budda,E,,,
John Kennedy,kennejo03,['SuperSub'],SuperSub,,,,,
Sherman Kennedy,kennesn01,['Snapper'],Snapper,,,,,
Duke Kenworthy,kenwobi01,['Iron Duke'],Iron Duke,,,,,
Max Kepler,keplema01,['Rozycki'],Rozycki,,,,,
Orie Kerlin,kerlior01,['Cy'],Cy,,,,,
Clayton Kershaw,kershcl01,"['The Claw', 'Kid K', 'The Minotaur', 'Kersh']",The Claw,Kid K,The Minotaur,Kersh,,
Henry Kessler,kesslhe01,['Lucky'],Lucky,,,,,
Dallas Keuchel,keuchda01,"['David Burd', 'Big D']",David Burd,Big D,,,,
Horace Kibbie,kibbiho01,['Hod'],Hod,,,,,
Jack Kibble,kibblja01,['Happy'],Happy,,,,,
Spencer Kieboom,kiebosp01,['Boomer'],Boomer,,,,,
Joe Kiefer,kiefejo01,"['Harlem Joe', 'Smoke']",Harlem Joe,Smoke,,,,
Leo Kiely,kielyle01,['Kiki'],Kiki,,,,,
Kevin Kiermaier,kiermke01,"['Outlaw', 'KK']",Outlaw,KK,,,,
Yusei Kikuchi,kikucyu01,['U Say'],U Say,,,,,
Harmon Killebrew,killeha01,['Killer'],Killer,,,,,
Bill Killefer,killebi01,['Reindeer Bill'],Reindeer Bill,,,,,
Frank Killen,killefr01,['Lefty'],Lefty,,,,,
Ed Killian,killied01,['Twilight Ed'],Twilight Ed,,,,,
Matt Kilroy,kilroma01,['Matches'],Matches,,,,,
Hyun Soo Kim,kimhy01,"['Hitting Machine', 'Iron Man']",Hitting Machine,Iron Man,,,,
Kwang Hyun Kim,kimkw01,['KK'],KK,,,,,
Harry Kimberlin,kimbeha01,"['Murphy', 'Mule Trader']",Murphy,Mule Trader,,,,
Craig Kimbrel,kimbrcr01,['Dirty Craig'],Dirty Craig,,,,,
Hal Kime,kimeha01,['Lefty'],Lefty,,,,,
Jerry Kindall,kindaje01,['Slim'],Slim,,,,,
Ellis Kinder,kindeel01,['Old Folks'],Old Folks,,,,,
Isiah Kiner-Falefa,kineris01,"['Hawaiian Hustle', 'Izzy']",Hawaiian Hustle,Izzy,,,,
Lynn King,kingly01,['Dig'],Dig,,,,,
Nelson King,kingne01,['Nellie'],Nellie,,,,,
Ray King,kingra01,['Burger'],Burger,,,,,
Scott Kingery,kingesc01,"['Scotty Jetpacks', 'Jetpax']",Scotty Jetpacks,Jetpax,,,,
Dave Kingman,kingmda01,"['Kong', 'Sky King']",Kong,Sky King,,,,
Tyler Kinley,kinlety01,['TK'],TK,,,,,
Bob Kinsella,kinsebo01,['Red'],Red,,,,,
Ed Kinsella,kinseed01,['Rube'],Rube,,,,,
Ian Kinsler,kinslia01,"['Bootsie', 'Kins']",Bootsie,Kins,,,,
Brandon Kintzler,kintzbr01,['Salt'],Salt,,,,,
Harry Kinzy,kinzyha01,['Slim'],Slim,,,,,
Jason Kipnis,kipnija01,"['Dirtbag', 'Kip']",Dirtbag,Kip,,,,
Bob Kipper,kippebo01,['Round Tripper'],Round Tripper,,,,,
Ed Kippert,kippeed01,['Kickapoo'],Kickapoo,,,,,
Alejandro Kirk,kirkal01,['Captain Kirk'],Captain Kirk,,,,,
Ed Kirkpatrick,kirkped01,['Spanky'],Spanky,,,,,
Harry Kirsch,kirscha01,['Casey'],Casey,,,,,
Bill Kissinger,kissibi01,"['Shang', 'Shaney']",Shang,Shaney,,,,
Andrew Kittredge,kittran01,['Kitt'],Kitt,,,,,
Malachi Kittridge,kittrma01,['Jedediah'],Jedediah,,,,,
Patrick Kivlehan,kivlepa01,['Believe'],Believe,,,,,
Hugo Klaerner,klaerhu01,['Dutch'],Dutch,,,,,
Al Klawitter,klawial01,['Dutch'],Dutch,,,,,
Ollie Klee,kleeol01,['Babe'],Babe,,,,,
Norbert Kleinke,kleinnu01,['Nub'],Nub,,,,,
Ed Klepfer,klepfed01,['Big Ed'],Big Ed,,,,,
Ed Klieman,kliemed01,"['Specs', 'Babe']",Specs,Babe,,,,
Bob Kline,klinebo01,['Junior'],Junior,,,,,
Branden Kline,klinebr01,['BK'],BK,,,,,
Johnny Kling,klingjo01,['Noisy'],Noisy,,,,,
Fred Klobedanz,klobefr01,['Duke'],Duke,,,,,
Stan Klopp,kloppst01,['Betz'],Betz,,,,,
John Kloza,klozana01,['Nap'],Nap,,,,,
Corey Kluber,klubeco01,"['Klubot', 'Hans Kluber', 'Klubes']",Klubot,Hans Kluber,Klubes,,,
Ted Kluszewski,kluszte01,['Big Klu'],Big Klu,,,,,
Otto Knabe,knabeot01,['Dutch'],Dutch,,,,,
Andrew Knapp,knappan01,"['California Kid', 'Knapp Time']",California Kid,Knapp Time,,,,
Corey Knebel,knebeco01,['Bird Dog'],Bird Dog,,,,,
Elmer Knetzer,knetzel01,['Baron'],Baron,,,,,
Joe Knight,knighjo01,['Quiet Joe'],Quiet Joe,,,,,
John Knight,knighjo02,['Schoolboy'],Schoolboy,,,,,
Andrew Knizner,kniznan01,['Kiz'],Kiz,,,,,
Chuck Knoblauch,knoblch01,"['Knobby', 'Skippy']",Knobby,Skippy,,,,
Ray Knode,knodera01,['Bob'],Bob,,,,,
Ed Knouff,knoufed01,['Fred'],Fred,,,,,
Jimmy Knowles,knowlji01,['Darby'],Darby,,,,,
Tom Knowlson,knowlto01,['Doc'],Doc,,,,,
Andy Knox,knoxan01,['Dasher'],Dasher,,,,,
Cliff Knox,knoxcl01,['Bud'],Bud,,,,,
Guido Knudson,knudsgu01,"['Geets', 'G-Man']",Geets,G-Man,,,,
Kevin Kobel,kobelke01,"['Spaceman', 'Captain Krypton', 'Goofy']",Spaceman,Captain Krypton,Goofy,,,
Tom Koehler,koehlto01,"['TK', 'Big Salad']",TK,Big Salad,,,,
Elmer Koestner,koestel01,['Bob'],Bob,,,,,
Joe Kohlman,kohlmjo01,['Blackie'],Blackie,,,,,
Adam Kolarek,kolarad01,['AK'],AK,,,,,
Don Kolloway,kollodo01,"['Butch', 'Cab']",Butch,Cab,,,,
Ray Kolp,kolpra01,['Jockey'],Jockey,,,,,
Karl Kolseth,kolseka01,['Koley'],Koley,,,,,
Fred Kommers,kommefr01,['Bugs'],Bugs,,,,,
Paul Konerko,konerpa01,['Paulie'],Paulie,,,,,
Ed Konetchy,koneted01,['Big Ed'],Big Ed,,,,,
Alex Konikowski,konikal01,['Whitey'],Whitey,,,,,
George Kontos,kontoge01,['Spartan'],Spartan,,,,,
Jerry Koosman,koosmje01,['Kooz'],Kooz,,,,,
George Kopacz,kopacge01,['Sonny'],Sonny,,,,,
Michael Kopech,kopecmi01,['Kopey'],Kopey,,,,,
Merlin Kopp,koppme01,['Manny'],Manny,,,,,
Steve Korcheck,korchst01,['Hoss'],Hoss,,,,,
Art Kores,koresar01,['Dutch'],Dutch,,,,,
George Korince,koringe01,['Moose'],Moose,,,,,
Jim Korwan,korwaji01,['Long Jim'],Long Jim,,,,,
Clem Koshorek,koshocl01,['Scooter'],Scooter,,,,,
Bill Koski,koskibi01,['T-Bone'],T-Bone,,,,,
Fred Koster,kostefr01,['Fritz'],Fritz,,,,,
Mark Kotsay,kotsama01,['Kots'],Kots,,,,,
Sandy Koufax,koufasa01,['The Left Arm of God'],The Left Arm of God,,,,,
Ernie Koy,koyer01,['Chief'],Chief,,,,,
Joe Kracher,krachjo01,['Jug'],Jug,,,,,
Clarence Kraft,kraftcl01,['Big Boy'],Big Boy,,,,,
Steve Kraly,kralyst01,['Lefty'],Lefty,,,,,
Ed Kranepool,kraneed01,['The Krane'],The Krane,,,,,
Gene Krapp,krappge01,['Rubber Arm'],Rubber Arm,,,,,
Erik Kratz,kratzer01,['Kratzy'],Kratzy,,,,,
Jack Kraus,krausja01,"['Tex', 'Texas Jack']",Tex,Texas Jack,,,,
Harry Krause,krausha01,['Hal'],Hal,,,,,
Danny Kravitz,kravida01,"['Dusty', 'Beak']",Dusty,Beak,,,,
Ralph Kreitz,kreitra01,['Red'],Red,,,,,
Ray Kremer,kremera01,['Wiz'],Wiz,,,,,
Lou Kretlow,kretllo01,['Lena'],Lena,,,,,
Kurt Krieger,kriegku01,['Dutch'],Dutch,,,,,
Howie Krist,kristho01,['Spud'],Spud,,,,,
Ian Krol,krolia01,['King Krol'],King Krol,,,,,
Otto Krueger,kruegot01,['Oom Paul'],Oom Paul,,,,,
John Kruk,krukjo01,"['Krukkie', 'The Krukker', 'Jake']",Krukkie,The Krukker,Jake,,,
Mike Krukow,krukomi01,"['The Polish Prince', 'Kruk']",The Polish Prince,Kruk,,,,
Jack Kucek,kucekja01,['Jackie'],Jackie,,,,,
Chad Kuhl,kuhlch01,"['Sasquatch', 'Chet']",Sasquatch,Chet,,,,
Walt Kuhn,kuhnwa01,['Red'],Red,,,,,
Duane Kuiper,kuipedu01,"['Kuip', 'Smoothie']",Kuip,Smoothie,,,,
Rusty Kuntz,kuntzru01,['Player'],Player,,,,,
Earl Kunz,kunzea01,['Pinches'],Pinches,,,,,
Hal Kurtz,kurtzha01,['Bud'],Bud,,,,,
Craig Kusick,kusiccr01,['Mongo'],Mongo,,,,,
Jules Kustus,kustuju01,"['Joe', 'Kul']",Joe,Kul,,,,
Bob Kuzava,kuzavbo01,['Sarge'],Sarge,,,,,
Steven Kwan,kwanst01,['The Chosen Kwan'],The Chosen Kwan,,,,,
Tommy La Stella,lasteto01,"['3 A.M.', 'TL']",3 A.M.,TL,,,,
George LaChance,lachaca01,['Candy'],Candy,,,,,
John Lackey,lackejo01,['Lack'],Lack,,,,,
Pete Ladd,laddpe01,"['Bigfoot', 'Sasquatch']",Bigfoot,Sasquatch,,,,
Doyle Lade,ladedo01,['Porky'],Porky,,,,,
Ed Lafitte,lafited01,['Doc'],Doc,,,,,
Juan Lagares,lagarju01,"['Angelo', 'Juan Jr']",Angelo,Juan Jr,,,,
Gerald Laird,lairdge01,['G-Money'],G-Money,,,,,
Nap Lajoie,lajoina01,"['Larry', 'Poli']",Larry,Poli,,,,
Eddie Lake,lakeed01,['Sparky'],Sparky,,,,,
Al Lakeman,lakemal01,['Moose'],Moose,,,,,
Tim Laker,lakerti01,['Lake Show'],Lake Show,,,,,
Jack Lamabe,lamabja01,"['Tomato Face', 'Tomatoes']",Tomato Face,Tomatoes,,,,
Hank LaManna,lamanfr02,['Hank'],Hank,,,,,
Frank Lamanske,lamanfr01,['Lefty'],Lefty,,,,,
Bill Lamar,lamarbi01,['Good Time Bill'],Good Time Bill,,,,,
Jake Lamb,lambja01,['Lambo'],Lambo,,,,,
Peter Lambert,lambepe01,['Lambo'],Lambo,,,,,
Dinelson Lamet,lametdi01,['El Flaco'],El Flaco,,,,,
Fred Lamlein,lamlifr01,['Dutch'],Dutch,,,,,
Gene Lamont,lamonge01,['Gino'],Gino,,,,,
Ken Landenberger,landeke01,['Red'],Red,,,,,
Hunter Lane,lanehu01,['Dodo'],Dodo,,,,,
Jason Lane,laneja01,['Laner'],Laner,,,,,
Bill Lange,langebi01,['Little Eva'],Little Eva,,,,,
Frank Lange,langefr01,"['Seagan', 'Bill']",Seagan,Bill,,,,
Johnny Lanning,lannijo01,"[""Tobacco Chewin' Johnny""]",Tobacco Chewin' Johnny,,,,,
Gene Lansing,lansige01,['Jigger'],Jigger,,,,,
Paul LaPalme,lapalpa01,['Lefty'],Lefty,,,,,
Andy Lapihuska,lapihan01,['Apples'],Apples,,,,,
Frank LaPorte,laporfr01,['Pot'],Pot,,,,,
Henry Larkin,larkihe01,['Ted'],Ted,,,,,
Bob Larmore,larmobo01,['Red'],Red,,,,,
Adam LaRoche,larocad01,"['The Rock', 'Rochy']",The Rock,Rochy,,,,
Harry LaRoss,larosha01,['Spike'],Spike,,,,,
Don Larsen,larsedo01,['Gooney Bird'],Gooney Bird,,,,,
Jason LaRue,larueja01,['Rusty'],Rusty,,,,,
Frank Lary,laryfr01,"['Mule', 'Taters', 'The Yankee Killer']",Mule,Taters,The Yankee Killer,,,
Lyn Lary,laryly01,['Broadway'],Broadway,,,,,
Tommy Lasorda,lasorto01,['Tommy'],Tommy,,,,,
Arlie Latham,lathaar01,['The Freshest Man On Earth'],The Freshest Man On Earth,,,,,
Jumbo Latham,lathaju01,['Jumbo'],Jumbo,,,,,
Bill Lattimore,lattibi01,['Slothful Bill'],Slothful Bill,,,,,
Eric Lauer,lauerer01,['Gomer'],Gomer,,,,,
Ramon Laureano,laurera01,"['Razor', 'Laser', 'Ramoncito']",Razor,Laser,Ramoncito,,,
Mike LaValliere,lavalmi01,['Spanky'],Spanky,,,,,
Ryan Lavarnway,lavarry01,['Varny'],Varny,,,,,
Bryan Lavastida,lavasbr01,['Lava'],Lava,,,,,
Derek Law,lawde01,"['D-Law', 'Lawdog']",D-Law,Lawdog,,,,
Vance Law,lawva01,['Long arm of the Law'],Long arm of the Law,,,,,
Vern Law,lawve01,"['Deacon', 'Preacher']",Deacon,Preacher,,,,
Garland Lawing,lawinga01,['Knobby'],Knobby,,,,,
Bob Lawrence,lawrebo01,['Larry'],Larry,,,,,
Brooks Lawrence,lawrebr01,['Bull'],Bull,,,,,
Otis Lawry,lawryot01,['Rabbit'],Rabbit,,,,,
Hillis Layne,laynehi01,['Tony'],Tony,,,,,
Tony Lazzeri,lazzeto01,"[""Poosh 'Em Up Tony""]",Poosh 'Em Up Tony,,,,,
Mike Leake,leakemi01,"['Sparky', 'Spike', 'Drip']",Sparky,Spike,Drip,,,
Fred Lear,learfr01,['King'],King,,,,,
Bill Leard,leardbi01,['Wild Bill'],Wild Bill,,,,,
John Leary,learyjo01,['Jack'],Jack,,,,,
Hal Leathers,leathha01,['Chuck'],Chuck,,,,,
Jack Leathersich,leathja01,['Leather Rocket'],Leather Rocket,,,,,
Wade LeBlanc,leblawa01,['Frenchy'],Frenchy,,,,,
George LeClair,laclage01,['Frenchy'],Frenchy,,,,,
Jose Leclerc,leclejo01,['Pico'],Pico,,,,,
Bill Lee,leebi02,['Big Bill'],Big Bill,,,,,
Bill Lee,leebi03,['Spaceman'],Spaceman,,,,,
Bob Lee,leebo01,"['Moose', 'Horse']",Moose,Horse,,,,
Carlos Lee,leeca01,['El Caballo'],El Caballo,,,,,
Dae-ho Lee,leeda02,"['Big Boy', 'Pig Tiger']",Big Boy,Pig Tiger,,,,
Derrek Lee,leede02,['D-Lee'],D-Lee,,,,,
Hal Lee,leeha01,['Sheriff'],Sheriff,,,,,
Manuel Lee,leema02,['Manny'],Manny,,,,,
Thornton Lee,leeth01,['Lefty'],Lefty,,,,,
Wyatt Lee,leewa01,['Watty'],Watty,,,,,
Sam Leever,leevesa01,"['Deacon', 'The Goshen Schoolmaster']",Deacon,The Goshen Schoolmaster,,,,
Bill LeFebvre,lefebbi01,['Lefty'],Lefty,,,,,
Jim Lefebvre,lefebji01,['Frenchy'],Frenchy,,,,,
Lou Legett,legetlo01,['Doc'],Doc,,,,,
Paul Lehner,lehnepa01,"['Peanuts', 'Gulliver']",Peanuts,Gulliver,,,,
Clarence Lehr,lehrcl01,['King'],King,,,,,
Norm Lehr,lehrno01,['King'],King,,,,,
Lefty Leifield,leifile01,['Lefty'],Lefty,,,,,
Mark Leiter Jr.,leitema02,['Junior'],Junior,,,,,
Bill Leith,leithbi01,['Shady Bill'],Shady Bill,,,,,
Don LeJohn,lejohdo01,['Ducky'],Ducky,,,,,
DJ LeMahieu,lemahdj01,"['Machine', 'Big Fundy']",Machine,Big Fundy,,,,
Mark Lemke,lemkema01,['Lemmer'],Lemmer,,,,,
Chet Lemon,lemonch01,['The Jet'],The Jet,,,,,
Don Lenhardt,lenhado01,['Footsie'],Footsie,,,,,
Bob Lennon,lennobo01,['Archie'],Archie,,,,,
Ed Lennox,lennoed01,['Eggie'],Eggie,,,,,
Arcenio Leon,leonar02,['Lion'],Lion,,,,,
Sandy Leon,leonsa01,['Noah'],Noah,,,,,
Elmer Leonard,leonael01,['Tiny'],Tiny,,,,,
Jeffrey Leonard,leonaje01,"['HacMan', 'One Flap Down', 'Penitentiary Face']",HacMan,One Flap Down,Penitentiary Face,,,
Dominic Leone,leonedo01,"['Dom', 'Dominator']",Dom,Dominator,,,,
Don Leppert,leppedo01,['Tiger'],Tiger,,,,,
Walt Lerian,leriawa01,['Peck'],Peck,,,,,
Louis LeRoy,leroylo01,['Chief'],Chief,,,,,
Curt Leskanic,leskacu01,"[""Let's Panic""]",Let's Panic,,,,,
Brad Lesley,leslebr01,['the Animal'],the Animal,,,,,
Sam Leslie,leslisa01,['Sambo'],Sambo,,,,,
Jon Lester,lestejo01,['Lefthander'],Lefthander,,,,,
Walt Leverenz,leverwa01,['Tiny'],Tiny,,,,,
Gorham Leverett,leverdi01,['Dixie'],Dixie,,,,,
Horace Leverette,leverho01,"['Levy', 'Hod']",Levy,Hod,,,,
Emil Levsen,levsedu01,['Dutch'],Dutch,,,,,
Artie Lewicki,lewicar01,['Lou'],Lou,,,,,
Allan Lewis,lewisal01,['The Panamanian Express'],The Panamanian Express,,,,,
Bill Lewis,lewisbi01,['Buddy'],Buddy,,,,,
Colby Lewis,lewisco01,['Cobra'],Cobra,,,,,
Ted Lewis,lewiste01,['Parson'],Parson,,,,,
Jim Leyritz,leyriji01,['The King'],The King,,,,,
Brad Lidge,lidgebr01,['Lights Out'],Lights Out,,,,,
Mike Lieberthal,liebemi01,['Lieby'],Lieby,,,,,
Glenn Liebhardt,liebhgl02,['Sandy'],Sandy,,,,,
Jim Lillie,lilliji01,['Grasshopper'],Grasshopper,,,,,
Jose Lima,limajo01,['Lima Time'],Lima Time,,,,,
Tzu-Wei Lin,lintz02,['Tzunami'],Tzunami,,,,,
Tim Lincecum,linceti01,"['The Freak', 'Big Time Timmy Jim']",The Freak,Big Time Timmy Jim,,,,
Adam Lind,lindad01,['Donnie'],Donnie,,,,,
Carl Lind,lindca01,['Hooks'],Hooks,,,,,
Jose Lind,lindjo01,['Chico'],Chico,,,,,
Jacob Lindgren,lindgja01,['The Strikeout Factory'],The Strikeout Factory,,,,,
Francisco Lindor,lindofr01,['Mr. Smile'],Mr. Smile,,,,,
Chris Lindsay,lindsch01,"['Pinky', 'The Crab']",Pinky,The Crab,,,,
Freddie Lindstrom,lindsfr01,['Lindy'],Lindy,,,,,
Fred Link,linkfr01,['Laddie'],Laddie,,,,,
Ed Linke,linkeed01,['Babe'],Babe,,,,,
Johnny Lipon,liponjo01,['Skids'],Skids,,,,,
Francisco Liriano,liriafr01,['Liri'],Liri,,,,,
Horace Lisenbee,lisenho01,['Hod'],Hod,,,,,
Mark Littell,littema01,['Country'],Country,,,,,
Zack Littell,litteza01,['Lit'],Lit,,,,,
Bryan Little,littlbr01,"['Twig', 'Like Me']",Twig,Like Me,,,,
Ben Lively,livelbe01,"['Bee-bo', 'Bebo']",Bee-bo,Bebo,,,,
Buddy Lively,livelbu01,['Red'],Red,,,,,
Clem Llewellyn,llewecl01,['Lew'],Lew,,,,,
John Henry Lloyd,lloydjo99,['Pop'],Pop,,,,,
Kyle Lloyd,lloydky01,['Harry'],Harry,,,,,
Jonathan Loaisiga,loaisjo01,['Jonny Lasagna'],Jonny Lasagna,,,,,
Jose Lobaton,lobatjo01,['Lobi'],Lobi,,,,,
Hans Lobert,loberha01,['Honus'],Honus,,,,,
Tim Locastro,locasti01,"['Timmy', 'Timmylo']",Timmy,Timmylo,,,,
Jeff Locke,lockeje01,['Lockeness'],Lockeness,,,,,
Dario Lodigiani,lodigda01,['Lodi'],Lodi,,,,,
Bob Logan,loganbo01,['Lefty'],Lefty,,,,,
Boone Logan,loganbo02,['Booner'],Booner,,,,,
Johnny Logan,loganjo01,['Yatcha'],Yatcha,,,,,
Jack Lohrke,lohrkja01,['Lucky'],Lucky,,,,,
Ernie Lombardi,lombaer01,"['Schnozz', 'Bocci']",Schnozz,Bocci,,,,
Herman Long,longhe01,"['Germany', 'Flying Dutchman']",Germany,Flying Dutchman,,,,
Tom Long,longto02,['Little Hawk'],Little Hawk,,,,,
Evan Longoria,longoev01,['Longo'],Longo,,,,,
Eddie Lopat,lopated01,"['The Junkman', 'Steady Eddie']",The Junkman,Steady Eddie,,,,
Stan Lopata,lopatst01,['Stash'],Stash,,,,,
Aurelio Lopez,lopezau01,['Senor Smoke'],Senor Smoke,,,,,
Hector Lopez,lopezhe01,"['The Panama Clipper', 'What a Pair of Hands']",The Panama Clipper,What a Pair of Hands,,,,
Jorge Lopez,lopezjo02,['El Pichu'],El Pichu,,,,,
Nicky Lopez,lopezni01,['Shorts'],Shorts,,,,,
Pablo Lopez,lopezpa01,['Pache'],Pache,,,,,
Reynaldo Lopez,lopezre01,['Rey'],Rey,,,,,
Yoan Lopez,lopezyo01,['El Asere'],El Asere,,,,,
Bris Lord,lordbr01,['The Human Eyeball'],The Human Eyeball,,,,,
Michael Lorenzen,lorenmi01,"['Cowboy', 'Zen Master']",Cowboy,Zen Master,,,,
Joe Lotz,lotzjo01,['Smokey'],Smokey,,,,,
William Louden,loudeba01,['Baldy'],Baldy,,,,,
Aaron Loup,loupaa01,"['Loupy', 'Wolf']",Loupy,Wolf,,,,
Richard Lovelady,lovelri01,['Love'],Love,,,,,
Torey Lovullo,lovulto01,['Sal'],Sal,,,,,
Grover Lowdermilk,lowdegr01,['Slim'],Slim,,,,,
Bobby Lowe,lowebo01,['Link'],Link,,,,,
Brandon Lowe,lowebr01,['Bamm-Bamm'],Bamm-Bamm,,,,,
George Lowe,lowege01,['Doc'],Doc,,,,,
Jed Lowrie,lowrije01,['Jedi'],Jedi,,,,,
Ed Lucas,lucased01,['Eddie Lu'],Eddie Lu,,,,,
Fred Lucas,lucasfr01,['Fritz'],Fritz,,,,,
Johnny Lucas,lucasjo01,['Buster'],Buster,,,,,
Ray Lucas,lucasra01,['Luke'],Luke,,,,,
Red Lucas,lucasre01,['The Nashville Narcissus'],The Nashville Narcissus,,,,,
Joey Lucchesi,lucchjo01,"['Fuego', 'Joey Fuego']",Fuego,Joey Fuego,,,,
Joe Lucey,luceyjo01,['Scootch'],Scootch,,,,,
Jonathan Lucroy,lucrojo01,['Luc'],Luc,,,,,
Donny Lucy,lucydo01,['Donny'],Donny,,,,,
Willie Ludolph,ludolwi01,['Wee Willie'],Wee Willie,,,,,
Seth Lugo,lugose01,['Quarterrican'],Quarterrican,,,,,
Eddie Lukon,lukoned01,['Mongoose'],Mongoose,,,,,
Harry Lumley,lumleha01,['Judge'],Judge,,,,,
Jordan Luplow,luplojo01,"['Lup', 'Loop']",Lup,Loop,,,,
Dolf Luque,luquedo01,['The Pride Of Havana'],The Pride Of Havana,,,,,
Jesus Luzardo,luzarje01,['Lizard King'],Lizard King,,,,,
Greg Luzinski,luzingr01,['the Bull'],the Bull,,,,,
Sparky Lyle,lylesp01,"['Sparky', 'The Count']",Sparky,The Count,,,,
Jordan Lyles,lylesjo01,['Jordy'],Jordy,,,,,
Jerry Lynch,lynchje01,['The Hat'],The Hat,,,,,
Walt Lynch,lynchwa01,['Jabber'],Jabber,,,,,
Byrd Lynn,lynnby01,['Birdie'],Birdie,,,,,
Lance Lynn,lynnla01,['ML2'],ML2,,,,,
Ed Lyons,lyonsed01,['Mouse'],Mouse,,,,,
Steve Lyons,lyonsst01,['Psycho'],Psycho,,,,,
Ted Lyons,lyonste01,['Sunday Teddy'],Sunday Teddy,,,,,
Tony Lyons,lyonsge01,['Smooth'],Smooth,,,,,
Dad Lytle,lytleda01,['Pop'],Pop,,,,,
Mike MacDougal,macdomi01,['Mac the Ninth'],Mac the Ninth,,,,,
Danny MacFayden,macfada01,['Deacon Danny'],Deacon Danny,,,,,
Dixon Machado,machadi01,"['Skippy', 'Mowly', 'Mongli']",Skippy,Mowly,Mongli,,,
Manny Machado,machama01,"['Hakuna Machado', 'Baby Face Assassin', 'El Ministro de Defensa', 'Mr. Miami']",Hakuna Machado,Baby Face Assassin,El Ministro de Defensa,Mr. Miami,,
Dave Machemer,macheda01,['Mach One'],Mach One,,,,,
Jean Machi,machije01,['Baquiro'],Baquiro,,,,,
Connie Mack,mackco01,"['The Grand Old Man of Baseball', 'The Tall Tactician']",The Grand Old Man of Baseball,The Tall Tactician,,,,
Frank Mack,mackfr01,['Stubby'],Stubby,,,,,
Jimmy Macullar,maculji01,['Little Mac'],Little Mac,,,,,
Frank Madden,maddefr01,['Red'],Red,,,,,
Len Madden,maddele01,['Lefty'],Lefty,,,,,
Joe Maddon,maddojo99,['Joey'],Joey,,,,,
Austin Maddox,maddoau01,['Madd Dawg'],Madd Dawg,,,,,
Garry Maddox,maddoga01,['Secretary of Defense'],Secretary of Defense,,,,,
Greg Maddux,maddugr01,"['Mad Dog', 'The Professor']",Mad Dog,The Professor,,,,
Mike Maddux,maddumi01,['Mad K9'],Mad K9,,,,,
William Madigan,madigto01,['Tice'],Tice,,,,,
Bill Madlock,madlobi01,['Mad Dog'],Mad Dog,,,,,
Nick Madrigal,madrini01,['Nicky Two Strikes'],Nicky Two Strikes,,,,,
Ryan Madson,madsory01,"['Mad Dog', 'Blest']",Mad Dog,Blest,,,,
Kenta Maeda,maedake01,['MaeKen'],MaeKen,,,,,
Dave Magadan,magadda01,['Mags'],Mags,,,,,
Matt Magill,magilma01,['Goose'],Goose,,,,,
Sal Maglie,maglisa01,['The Barber'],The Barber,,,,,
Damien Magnifico,magnida01,['Wild Thing'],Wild Thing,,,,,
George Magoon,magooge01,"['Maggie', 'Topsy']",Maggie,Topsy,,,,
Roy Mahaffey,mahafro01,['Popeye'],Popeye,,,,,
Tyler Mahle,mahlety01,['Mal'],Mal,,,,,
Al Mahon,mahonal01,['Lefty'],Lefty,,,,,
Jim Mahoney,mahonji01,['Moe'],Moe,,,,,
Mike Mahoney,mahonmi01,['Big Mike'],Big Mike,,,,,
Mikie Mahtook,mahtomi01,['Night Hawk'],Night Hawk,,,,,
Luke Maile,mailelu01,"['Mailes', 'Lukey Barrels']",Mailes,Lukey Barrels,,,,
Emil Mailho,mailhem01,['Lefty'],Lefty,,,,,
Duster Mails,mailsdu01,"['Walter', 'The Great']",Walter,The Great,,,,
Willard Mains,mainswi01,['Grasshopper'],Grasshopper,,,,,
Fritz Maisel,maisefr01,['Flash'],Flash,,,,,
Hank Majeski,majesha01,['Heeney'],Heeney,,,,,
John Malarkey,malarjo01,['Liz'],Liz,,,,,
Martin Maldonado,maldoma01,"['Cascajo', 'Valdez', 'Martincito', 'Machete']",Cascajo,Valdez,Martincito,Machete,,
Ben Mallonee,mallobe01,['Lefty'],Lefty,,,,,
Jim Mallory,malloji01,['Sunny Jim'],Sunny Jim,,,,,
Sheldon Mallory,mallosh01,['Shell'],Shell,,,,,
Alex Malloy,malloal01,['Lick'],Lick,,,,,
Herm Malloy,mallohe01,['Tug'],Tug,,,,,
Harry Malmberg,malmbha01,['Swede'],Swede,,,,,
Paul Maloy,maloypa01,['Biff'],Biff,,,,,
Gordon Maltzberger,maltzgo01,['Maltzy'],Maltzy,,,,,
Sean Manaea,manaese01,"['Baby Giraffe', 'Da Kid', 'Manaealator']",Baby Giraffe,Da Kid,Manaealator,,,
Trey Mancini,mancitr01,"['Boomer', 'Boom Boom']",Boomer,Boom Boom,,,,
Gus Mancuso,mancugu01,['Blackie'],Blackie,,,,,
Leo Mangum,mangule01,['Blackie'],Blackie,,,,,
Clyde Manion,maniocl01,['Pete'],Pete,,,,,
Charlie Manlove,manloch01,['Chick'],Chick,,,,,
Garth Mann,mannga01,['Red'],Red,,,,,
Les Mann,mannle01,['Major'],Major,,,,,
Ernie Manning,mannier01,['Ed'],Ed,,,,,
Rick Manning,manniri01,['Archie'],Archie,,,,,
Tom Mansell,manseto01,['Brick'],Brick,,,,,
Matt Mantei,mantema01,['The Ice Man'],The Ice Man,,,,,
Mickey Mantle,mantlmi01,"['The Mick', 'The Commerce Comet', 'Muscles']",The Mick,The Commerce Comet,Muscles,,,
Rolla Mapel,mapelro01,['Lefty'],Lefty,,,,,
Cliff Mapes,mapescl01,['Tiger'],Tiger,,,,,
Howard Maple,mapleho01,['Mape'],Mape,,,,,
George Mappes,mappege01,['Dick'],Dick,,,,,
Phil Marchildon,marchph01,['Babe'],Babe,,,,,
Johnny Marcum,marcujo01,['Footsie'],Footsie,,,,,
Manuel Margot,margoma01,['Yoandry'],Yoandry,,,,,
Juan Marichal,maricju01,"['Manito', 'Dominican Dandy', 'Mar']",Manito,Dominican Dandy,Mar,,,
Jhan Marinez,marinjh01,['La Electricidad'],La Electricidad,,,,,
Dan Marion,marioda01,['Rube'],Rube,,,,,
Marty Marion,marioma01,"['Slats', 'The Octopus', 'Mr. Shortstop']",Slats,The Octopus,Mr. Shortstop,,,
Jake Marisnick,marisja01,['Big Fudge'],Big Fudge,,,,,
Nick Markakis,markani01,"['Kakes', 'TTT']",Kakes,TTT,,,,
Gene Markland,marklge01,['Mousey'],Mousey,,,,,
Fred Marolewski,marolfr01,['Fritz'],Fritz,,,,,
German Marquez,marquge01,"['Marque', 'Marquee']",Marque,Marquee,,,,
Luis Marquez,marqulu01,['Canena'],Canena,,,,,
Roger Marquis,marquro01,['Noonie'],Noonie,,,,,
Deven Marrero,marrede01,['D Mo'],D Mo,,,,,
Doc Marshall,marshdo02,['Eddie'],Eddie,,,,,
Evan Marshall,marshev01,['Forgetting Sarah'],Forgetting Sarah,,,,,
Joe Marshall,marshjo01,['Home Run Joe'],Home Run Joe,,,,,
Mike Marshall,marshmi01,['Iron Mike'],Iron Mike,,,,,
Rube Marshall,marshru01,['Cy'],Cy,,,,,
Jefry Marte,marteje01,['El Bley'],El Bley,,,,,
Ketel Marte,marteke01,"['The Pike', 'El Nino']",The Pike,El Nino,,,,
Starling Marte,martest01,['Tato'],Tato,,,,,
Doc Martell,martedo01,['Marty'],Marty,,,,,
Francis Martes,martefr01,['Chanchi'],Chanchi,,,,,
Brett Martin,martibr01,['Joey Seaves'],Joey Seaves,,,,,
Chris Martin,martich02,['C-Mart'],C-Mart,,,,,
J.D. Martin,martijd01,['J D'],J D,,,,,
Joe Martin,martijo01,['Silent Joe'],Silent Joe,,,,,
Joe Martin,martijo03,['Smokey Joe'],Smokey Joe,,,,,
Leonys Martin,martile01,['The Asere'],The Asere,,,,,
Morrie Martin,martimo01,['Lefty'],Lefty,,,,,
Pepper Martin,martipe01,['The Wild Horse Of The Osage'],The Wild Horse Of The Osage,,,,,
Richie Martin,martiri01,['Rich Boy'],Rich Boy,,,,,
Russell Martin,martiru01,"['Muscle', 'Le Muscle']",Muscle,Le Muscle,,,,
Joe Martina,martijo02,['Oyster Joe'],Oyster Joe,,,,,
Carlos Martinez,martica02,['Cafe'],Cafe,,,,,
Carlos Martinez,martica04,['Tsunami'],Tsunami,,,,,
Dave Martinez,martida01,['Tippy'],Tippy,,,,,
Dennis Martinez,martide01,['El Presidente'],El Presidente,,,,,
Edgar Martinez,martied01,"['Gar', 'Papi']",Gar,Papi,,,,
Horacio Martinez,martira06,['Rabbit'],Rabbit,,,,,
J.D. Martinez,martijd02,['Flaco'],Flaco,,,,,
Jose Martinez,martijo08,"['Cafecito', 'Cafe']",Cafecito,Cafe,,,,
Marty Martinez,martima01,['Marty'],Marty,,,,,
Michael Martinez,martimi02,"['Mini-Mart', 'Pelusa']",Mini-Mart,Pelusa,,,,
Nick Martinez,martini01,['Tricky'],Tricky,,,,,
Osvaldo Martinez,martios01,['Ozzie'],Ozzie,,,,,
Pedro Martinez,martipe02,"['Pedro el Grande', 'Petey']",Pedro el Grande,Petey,,,,
Rogelio Martinez,martiro01,['Limonar'],Limonar,,,,,
Ted Martinez,martite01,['Teddy'],Teddy,,,,,
Tino Martinez,martiti02,['Bamtino'],Bamtino,,,,,
Victor Martinez,martivi01,"['V-Mart', 'Papicho']",V-Mart,Papicho,,,,
Nick Martini,martini02,['Tini'],Tini,,,,,
Wedo Martini,martiwe01,['Southern'],Southern,,,,,
John Marzano,marzajo01,['Johnny Marz'],Johnny Marz,,,,,
Roger Mason,masonro01,['Mase'],Mase,,,,,
Gordon Massa,massago01,"['Moose', 'Duke']",Moose,Duke,,,,
Bill Massey,massebi01,['Big Bill'],Big Bill,,,,,
Red Massey,massero01,['Red'],Red,,,,,
Justin Masterson,masteju01,"['Bat Masterson', 'Big Masty', 'Nasty Masty', 'Masty']",Bat Masterson,Big Masty,Nasty Masty,Masty,,
Paul Masterson,mastepa01,['Lefty'],Lefty,,,,,
Eddie Mathews,matheed01,"['Eddie Mattress', ""Cap'n Eddie"", 'Santa Barbara Bomber', 'Brookfield Bomber']",Eddie Mattress,Cap'n Eddie,Santa Barbara Bomber,Brookfield Bomber,,
Christy Mathewson,mathech01,"['Big Six', 'Matty']",Big Six,Matty,,,,
Carl Mathias,mathica01,['Stubby'],Stubby,,,,,
Jeff Mathis,mathije01,"['Six', 'Matty']",Six,Matty,,,,
Nick Maton,matonni01,['Wolfie'],Wolfie,,,,,
Phil Maton,matonph01,['Spin Rate'],Spin Rate,,,,,
Hideki Matsui,matsuhi01,['Godzilla'],Godzilla,,,,,
Kazuo Matsui,matsuka01,['Kaz'],Kaz,,,,,
Daisuke Matsuzaka,matsuda01,['Dice-K'],Dice-K,,,,,
Eddie Matteson,matteed01,['Matty'],Matty,,,,,
Gary Matthews,matthga01,['Sarge'],Sarge,,,,,
Gary Matthews,matthga02,"['Little Sarge', 'Sarge Jr.']",Little Sarge,Sarge Jr.,,,,
Joe Matthews,matthjo01,['Lefty'],Lefty,,,,,
Wid Matthews,matthwi02,['Matty'],Matty,,,,,
Wally Mattick,mattiwa01,['Chink'],Chink,,,,,
Don Mattingly,mattido01,"['Donnie Baseball', 'The Hit Man', 'Cap', 'Matt']",Donnie Baseball,The Hit Man,Cap,Matt,,
Ralph Mattis,mattira01,['Matty'],Matty,,,,,
Cloy Mattox,mattocl01,['Monk'],Monk,,,,,
Harry Matuzak,matuzha01,['Matty'],Matty,,,,,
Steven Matz,matzst01,"['Rend', 'Reno', 'Matzy']",Rend,Reno,Matzy,,,
Gene Mauch,mauchge01,['Skip'],Skip,,,,,
Al Maul,maulal01,['Smiling Al'],Smiling Al,,,,,
Brandon Maurer,maurebr01,['Mauer Power'],Mauer Power,,,,,
Ronny Mauricio,mauriro01,['El Chimi'],El Chimi,,,,,
Ralph Mauriello,maurira01,['Tami'],Tami,,,,,
Dal Maxvill,maxvida01,['Maxie'],Maxie,,,,,
Bruce Maxwell,maxwebr01,['Baby Prince'],Baby Prince,,,,,
Charlie Maxwell,maxwech01,"['Smokey', 'Paw Paw']",Smokey,Paw Paw,,,,
Dustin May,maydu01,['Big Red'],Big Red,,,,,
Lee May,mayle01,['Big Bopper'],Big Bopper,,,,,
Merrill May,maypi01,['Pinky'],Pinky,,,,,
Rudy May,mayru01,['E.T.'],E.T.,,,,,
Trevor May,maytr01,"['Lurch', 'Iamtrevormay']",Lurch,Iamtrevormay,,,,
Cameron Maybin,maybica01,"['Killa Cam', 'Slim']",Killa Cam,Slim,,,,
Eddie Mayo,mayoed01,['Hotshot'],Hotshot,,,,,
Carl Mays,maysca01,['Sub'],Sub,,,,,
Willie Mays,mayswi01,['Say Hey Kid'],Say Hey Kid,,,,,
Tim Mayza,mayzati01,['Mayz'],Mayz,,,,,
Nomar Mazara,mazarno01,['The Big Chill'],The Big Chill,,,,,
Patrick Mazeika,mazeipa01,['Maz'],Maz,,,,,
Bill Mazeroski,mazerbi01,['Maz'],Maz,,,,,
Chris Mazza,mazzach01,['Mazz'],Mazz,,,,,
Mel Mazzera,mazzeme01,['Mike'],Mike,,,,,
Lee Mazzilli,mazzile01,['Maz'],Maz,,,,,
Jimmy McAleer,mcaleji01,['Loafer'],Loafer,,,,,
Zach McAllister,mcallza01,"['EZ Mac', 'Mac the Knife', 'Z-Mac']",EZ Mac,Mac the Knife,Z-Mac,,,
Michael McAtee,mcatebu01,"['Bub', 'Butch']",Bub,Butch,,,,
Wickey McAvoy,mcavowi01,['Name sometimes spelled Wickie'],Name sometimes spelled Wickie,,,,,
Pryor McBee,mcbeepr01,['Lefty'],Lefty,,,,,
Bake McBride,mcbriba01,"[""Shake n' Bake"", 'Callaway Kid']",Shake n' Bake,Callaway Kid,,,,
Ralph McCabe,mccabra01,['Mack'],Mack,,,,,
Brian McCall,mccalbr01,['Bam'],Bam,,,,,
Brian McCann,mccanbr01,"['Heap', 'Fun Police', 'Uno Seis']",Heap,Fun Police,Uno Seis,,,
Gene McCann,mccange01,['Mike'],Mike,,,,,
James McCann,mccanja02,['McCannon'],McCannon,,,,,
Brandon McCarthy,mccarbr01,"['Bmac', 'Mac']",Bmac,Mac,,,,
Joe McCarthy,mccarjo99,['Marse Joe'],Marse Joe,,,,,
Kevin McCarthy,mccarke01,['Mac'],Mac,,,,,
Harry McChesney,mccheha01,['Pud'],Pud,,,,,
Shane McClanahan,mcclash01,['Sugar Shane'],Sugar Shane,,,,,
Hervey McClellan,mccleha01,['Little Mac'],Little Mac,,,,,
Jim McCloskey,mccloji01,['Irish'],Irish,,,,,
Bob McClure,mcclubo01,['Bobby Mac'],Bobby Mac,,,,,
Hal McClure,mccluha01,['Mac'],Mac,,,,,
Alex McColl,mccolal01,['Red'],Red,,,,,
George McConnell,mcconge01,['Slats'],Slats,,,,,
Mike McCormack,mccormi01,"['Kid', 'Dude']",Kid,Dude,,,,
Frank McCormick,mccorfr01,['Buck'],Buck,,,,,
Harry McCormick,mccormo01,['Moose'],Moose,,,,,
Willie McCovey,mccovwi01,"['Stretch', 'Mac', 'Big Mac']",Stretch,Mac,Big Mac,,,
Les McCrabb,mccrale01,['Buster'],Buster,,,,,
Judge McCredie,mccrewa01,['Judge'],Judge,,,,,
Ed McCreery,mccreed01,['Big Ed'],Big Ed,,,,,
Lance McCullers,mcculla01,['Baby Goose'],Baby Goose,,,,,
Lance McCullers Jr.,mcculla02,"['Snap Dragon 1', 'Perdomo']",Snap Dragon 1,Perdomo,,,,
Harry McCurdy,mccurha01,['Hank'],Hank,,,,,
Andrew McCutchen,mccutan01,"['Cutch', 'Uncle Larry', 'Zoom', 'Drusneeze']",Cutch,Uncle Larry,Zoom,Drusneeze,,
Mickey McDermott,mcdermi03,['Maury'],Maury,,,,,
Jim McDonald,mcdonji04,['Hot Rod'],Hot Rod,,,,,
Jim McDonnell,mcdonji03,['Mack'],Mack,,,,,
Jack McDowell,mcdowja01,['Black Jack'],Black Jack,,,,,
Sam McDowell,mcdowsa01,['Sudden Sam'],Sudden Sam,,,,,
Pryor McElveen,mcelvpr01,['Humpty'],Humpty,,,,,
Joe McEwing,mcewijo01,['Super Joe'],Super Joe,,,,,
T.J. McFarland,mcfartj01,"['Mac', 'Return of the Mac', 'Mac Attack']",Mac,Return of the Mac,Mac Attack,,,
Mel McGaha,mcgahme99,['Melvin'],Melvin,,,,,
Dan McGann,mcganda01,['Cap'],Cap,,,,,
Jim McGarr,mcgarji01,['Reds'],Reds,,,,,
Bill McGee,mcgeebi01,['Fiddler Bill'],Fiddler Bill,,,,,
Jake McGee,mcgeeja01,['MacCheez'],MacCheez,,,,,
Casey McGehee,mcgehca01,['Hits McGehee'],Hits McGehee,,,,,
Bill McGhee,mcghebi01,['Fibber'],Fibber,,,,,
Bill McGill,mcgilbi01,['Parson'],Parson,,,,,
Willie McGill,mcgilwi01,['Kid'],Kid,,,,,
Bill McGilvray,mcgilbi02,['Big Bill'],Big Bill,,,,,
Joe McGinnity,mcginjo01,['Iron Man'],Iron Man,,,,,
Jim McGlothlin,mcgloji01,['Red'],Red,,,,,
Bill McGowan,mcgowbi99,['Little Joe Chest'],Little Joe Chest,,,,,
Dustin McGowan,mcgowdu01,['D-Mac'],D-Mac,,,,,
Frank McGowan,mcgowbe01,['Beauty'],Beauty,,,,,
Howard McGraner,mcgraho01,['Muck'],Muck,,,,,
Kyle McGrath,mcgraky01,['McGregor'],McGregor,,,,,
John McGraw,mcgrajo01,"['Mugsy', 'Little Napoleon']",Mugsy,Little Napoleon,,,,
Tug McGraw,mcgratu01,"['Tug', 'Tugger', 'The Barber']",Tug,Tugger,The Barber,,,
Fred McGriff,mcgrifr01,"['Crime Dog', 'Fire Dog']",Crime Dog,Fire Dog,,,,
Reese McGuire,mcguire01,['Pieces'],Pieces,,,,,
Tom McGuire,mcguito01,['Elmer'],Elmer,,,,,
Bill McGunnigle,mcgunbi01,['Gunner'],Gunner,,,,,
Mark McGwire,mcgwima01,['Big Mac'],Big Mac,,,,,
Bob McHale,mchalbo01,['Rabbit'],Rabbit,,,,,
Jim McHale,mchalji01,['J.B.'],J.B.,,,,,
Austin McHenry,mchenau01,['Mac'],Mac,,,,,
Collin McHugh,mchugco01,"['Snap Dragon 2', 'Mu Q', '12-6']",Snap Dragon 2,Mu Q,12-6,,,
Stover McIlwain,mcilwst01,['Smokey'],Smokey,,,,,
Stuffy McInnis,mcinnst01,['Jack'],Jack,,,,,
James McJames,mcjamdo01,['Doc'],Doc,,,,,
Archie McKain,mckaiar01,['Happy'],Happy,,,,,
Brendan McKay,mckaybr01,['B-Mac'],B-Mac,,,,,
Dave McKay,mckayda01,['Mac'],Mac,,,,,
Reeve McKay,mckayre01,['Rip'],Rip,,,,,
Ed McKean,mckeaed01,['Mack'],Mack,,,,,
Bill McKechnie,mckecbi01,['Deacon'],Deacon,,,,,
Frank McKenry,mckenli01,"['Big Pete', 'Limb']",Big Pete,Limb,,,,
Triston McKenzie,mckentr01,['Dr. Sticks'],Dr. Sticks,,,,,
John McLaren,mclarjo99,['Johnny Mac'],Johnny Mac,,,,,
Kid McLaughlin,mclauki01,['Sunshine'],Sunshine,,,,,
Al McLean,mcleaal01,['Elrod'],Elrod,,,,,
Wayne McLeland,mclelwa01,['Nubbin'],Nubbin,,,,,
Cal McLish,mclisca01,"['Bus', 'Buster']",Bus,Buster,,,,
Ryan McMahon,mcmahry01,"['McDoogle', 'Ry Mac']",McDoogle,Ry Mac,,,,
John McMakin,mcmakjo01,['Spartanburg John'],Spartanburg John,,,,,
George McMillan,mcmilge01,['Reddy'],Reddy,,,,,
Norm McMillan,mcmilno01,['Bub'],Bub,,,,,
Tommy McMillan,mcmilto01,['Rebel'],Rebel,,,,,
John McMullin,mcmuljo01,['Lefty'],Lefty,,,,,
Carl McNabb,mcnabca01,['Skinny'],Skinny,,,,,
Eric McNair,mcnaier01,['Boob'],Boob,,,,,
Mike McNally,mcnalmi01,['Minooka Mike'],Minooka Mike,,,,,
Jeff McNeil,mcneije01,"['Squirrel', 'JT', 'Flying Squirrel', 'Jeff McHits']",Squirrel,JT,Flying Squirrel,Jeff McHits,,
Hugh McQuillan,mcquihu01,['Handsome Hugh'],Handsome Hugh,,,,,
Glenn McQuillen,mcquigl01,['Red'],Red,,,,,
Kevin McReynolds,mcreyke01,['Big Mac'],Big Mac,,,,,
Bill McTigue,mctigbi01,['Rebel'],Rebel,,,,,
Doug McWeeny,mcweedo01,['Buzz'],Buzz,,,,,
Austin Meadows,meadoau01,['Meads'],Meads,,,,,
Lee Meadows,meadole01,['Specs'],Specs,,,,,
Parker Meadows,meadopa01,['Baby Giraffe'],Baby Giraffe,,,,,
John Means,meansjo01,['Meansy'],Meansy,,,,,
Charlie Meara,mearach01,['Goggy'],Goggy,,,,,
Wade Meckler,mecklwa01,['Sparky'],Sparky,,,,,
Ray Medeiros,medeira01,['Pep'],Pep,,,,,
Joe Medwick,medwijo01,"['Ducky', 'Muscles']",Ducky,Muscles,,,,
Tommy Mee,meeto01,['Judge'],Judge,,,,,
Pete Meegan,meegape01,['Steady Pete'],Steady Pete,,,,,
Russ Meers,meersru01,['Babe'],Babe,,,,,
Tylor Megill,megilty01,['Big Drip'],Big Drip,,,,,
Heinie Meine,meinehe01,['The Count Of Luxemburg'],The Count Of Luxemburg,,,,,
Karl Meister,meistka01,['Dutch'],Dutch,,,,,
Adalberto Mejia,mejiaad01,['Volador'],Volador,,,,,
Francisco Mejia,mejiafr01,['Franky'],Franky,,,,,
Mark Melancon,melanma01,"['Stretch', 'Mel', 'Muh Lan Son']",Stretch,Mel,Muh Lan Son,,,
Oscar Melillo,melilsk01,"['Spinach', 'Ski']",Spinach,Ski,,,,
Keury Mella,mellake01,['Manini'],Manini,,,,,
Ralph Mellix,mellile01,['Lefty'],Lefty,,,,,
Paul Meloan,meloapa01,['Molly'],Molly,,,,,
Bill Melton,meltobi01,"[""Beltin' Bill""]",Beltin' Bill,,,,,
Cliff Melton,meltocl01,"['Mickey Mouse', 'Mountain Music']",Mickey Mouse,Mountain Music,,,,
Tim Melville,melviti01,"['Woody', 'Smellville']",Woody,Smellville,,,,
Bob Melvin,melvibo01,['BoMel'],BoMel,,,,,
Kevin Mench,menchke01,['Shrek'],Shrek,,,,,
Mario Mendoza,mendoma01,['Manos de Seda'],Manos de Seda,,,,,
Ramiro Mendoza,mendora01,['El Brujo'],El Brujo,,,,,
John Menefee,menefjo01,['Jock'],Jock,,,,,
Joey Meneses,menesjo01,['CabaJoey'],CabaJoey,,,,,
Denis Menke,menkede01,"['Menk', 'Tomato Face']",Menk,Tomato Face,,,,
Mike Menosky,menosmi01,['Leaping Mike'],Leaping Mike,,,,,
Ed Mensor,mensoed01,['The Midget'],The Midget,,,,,
Oscar Mercado,mercaos01,['Merc'],Merc,,,,,
Yermin Mercedes,merceye01,['Yerminator'],Yerminator,,,,,
Jordy Mercer,mercejo03,['The Rook'],The Rook,,,,,
Art Merewether,merewar01,['Merry'],Merry,,,,,
Fred Merkle,merklfr01,['Bonehead'],Bonehead,,,,,
Lou Merloni,merlolo01,['Sweet Lou'],Sweet Lou,,,,,
Whit Merrifield,merriwh01,"['Whit Bird', 'Two-hit Whit']",Whit Bird,Two-hit Whit,,,,
Stump Merrill,merrist99,['Stump'],Stump,,,,,
Lloyd Merriman,merrill01,['Citation'],Citation,,,,,
Sam Mertes,mertesa01,['Sandow'],Sandow,,,,,
Matt Mervis,mervima01,['Mash'],Mash,,,,,
Jose Mesa,mesajo01,"['Joe Table', 'Senor Smoke']",Joe Table,Senor Smoke,,,,
Devin Mesoraco,mesorde01,"['Mes', 'Rocko']",Mes,Rocko,,,,
Andrew Messenger,messebu01,['Bud'],Bud,,,,,
Andy Messersmith,messean01,"['Bluto', 'Channel']",Bluto,Channel,,,,
Frank Metha,methasc01,['Scat'],Scat,,,,,
George Metkovich,metkoca01,['Catfish'],Catfish,,,,,
Hensley Meulens,meulehe01,"['Bam-Bam', 'Sir Hensley']",Bam-Bam,Sir Hensley,,,,
Bob Meusel,meusebo01,"['Long Bob', 'Languid', 'Silent Bob']",Long Bob,Languid,Silent Bob,,,
Alex Meyer,meyeral01,['Bubba'],Bubba,,,,,
Benny Meyer,meyerbe01,['Earache'],Earache,,,,,
Russ Meyer,meyerru01,"['Rowdy', 'The Mad Monk']",Rowdy,The Mad Monk,,,,
Levi Meyerle,meyerle01,['Long Levi'],Long Levi,,,,,
Lou Meyers,meyerlo01,['Crazy Horse'],Crazy Horse,,,,,
Gene Michael,michage01,['Stick'],Stick,,,,,
Jason Michaels,michaja01,['J-Mike'],J-Mike,,,,,
John Michaelson,michajo01,['Mike'],Mike,,,,,
Jim Middleton,middlji01,['Rifle Jim'],Rifle Jim,,,,,
John Middleton,middljo01,['Lefty'],Lefty,,,,,
Keynan Middleton,middlke01,"['Key', 'Major Key']",Key,Major Key,,,,
Ezra Midkiff,midkiez01,['Salt Rock'],Salt Rock,,,,,
Doug Mientkiewicz,mientdo01,['Eye Chart'],Eye Chart,,,,,
Ed Mierkowicz,mierked01,"['Autch', 'Mouse']",Autch,Mouse,,,,
Larry Miggins,miggila01,['Irish'],Irish,,,,,
Miles Mikolas,mikolmi01,"['Lizard King', 'Mik', ""5280's""]",Lizard King,Mik,5280's,,,
Clyde Milan,milancl01,"['Deerfoot', 'Zeb']",Deerfoot,Zeb,,,,
Wade Miley,mileywa01,['Miles'],Miles,,,,,
Johnny Miljus,miljujo01,"['Jovo', 'Big Serb']",Jovo,Big Serb,,,,
Felix Millan,millafe01,['the Cat'],the Cat,,,,,
Andrew Miller,millean01,['Miller Time'],Miller Time,,,,,
Bill Miller,millebi03,['Wild Bill'],Wild Bill,,,,,
Bill Miller,millebi04,"['Lefty', 'Hooks']",Lefty,Hooks,,,,
Brad Miller,millebr02,"['Sergio Millar', 'Rat', 'Bamboo Brad', 'J. Windermere']",Sergio Millar,Rat,Bamboo Brad,J. Windermere,,
Dots Miller,milledo02,['Dots'],Dots,,,,,
Ed Miller,milleed02,['Big Ed'],Big Ed,,,,,
Eddie Miller,milleed03,['Eppie'],Eppie,,,,,
Elmer Miller,milleel02,['Lefty'],Lefty,,,,,
Frank Miller,millefr02,['Bullet'],Bullet,,,,,
Fred Miller,millefr01,['Speedy'],Speedy,,,,,
George Miller,milledo01,"['Foghorn', 'Calliope', 'Doggie']",Foghorn,Calliope,Doggie,,,
Hughie Miller,millehu01,['Cotton'],Cotton,,,,,
Jim Miller,milleji01,['Rabbit'],Rabbit,,,,,
Justin Miller,milleju02,['J. Millz'],J. Millz,,,,,
Otto Miller,milleot01,['Moonie'],Moonie,,,,,
Ralph Miller,millera04,"['Moose', 'Lefty']",Moose,Lefty,,,,
Rick Miller,milleri01,['Miller Time'],Miller Time,,,,,
Roscoe Miller,millero01,"['Roxy', 'Rubberlegs']",Roxy,Rubberlegs,,,,
Shelby Miller,millesh01,['Millzy'],Millzy,,,,,
Stu Miller,millest01,['Little Stu'],Little Stu,,,,,
Tom Miller,milleto01,['Reddy'],Reddy,,,,,
Ward Miller,millewa02,"['Windy', 'Grump']",Windy,Grump,,,,
Warren Miller,millewa01,['Gitz'],Gitz,,,,,
John Milligan,millijo01,['Jocko'],Jocko,,,,,
Bob Milliken,millibo01,['Bobo'],Bobo,,,,,
Brad Mills,millsbr01,['Millsie'],Millsie,,,,,
Buster Mills,millsbu01,['Bus'],Bus,,,,,
Howard Mills,millsle01,['Lefty'],Lefty,,,,,
Willie Mills,millswi01,['Wee Willie'],Wee Willie,,,,,
Al Milnar,milnaal01,['Happy'],Happy,,,,,
John Milner,milnejo01,['The Hammer'],The Hammer,,,,,
Tommy Milone,milonto01,['Tomaso'],Tomaso,,,,,
Mike Milosevich,milosmi01,['Mollie'],Mollie,,,,,
George Milstead,milstge01,['Cowboy'],Cowboy,,,,,
Larry Milton,miltola01,['Tug'],Tug,,,,,
Rudy Minarcin,minarru01,['Buster'],Buster,,,,,
Juan Minaya,minayju01,['Juanito'],Juanito,,,,,
Ray Miner,minerra01,['Lefty'],Lefty,,,,,
Paul Minner,minnepa01,['Lefty'],Lefty,,,,,
Mike Minor,minormi01,"['Spykezylla', 'Meener']",Spykezylla,Meener,,,,
Minnie Minoso,minosmi01,['Cuban Comet'],Cuban Comet,,,,,
A.J. Minter,minteaj01,['Mint'],Mint,,,,,
Greg Minton,mintogr01,['Moonie; Moon-man'],Moonie; Moon-man,,,,,
Kevin Mitchell,mitchke01,"['World', 'Mitchell Monster', 'Boogie Bear', 'Tatonka']",World,Mitchell Monster,Boogie Bear,Tatonka,,
Ralph Mitterling,mittera01,['Sarge'],Sarge,,,,,
George Mitterwald,mittege01,['Baron von Mitterwald'],Baron von Mitterwald,,,,,
Johnny Mize,mizejo01,"['The Big Cat', 'Big Jawn']",The Big Cat,Big Jawn,,,,
Bill Mizeur,mizeubi01,['Bad Bill'],Bad Bill,,,,,
Ron Moeller,moellro01,['The Kid'],The Kid,,,,,
Fenton Mole,molefe01,['Muscles'],Muscles,,,,,
Bengie Molina,molinbe01,['Big Money'],Big Money,,,,,
Yadier Molina,molinya01,['Yadi'],Yadi,,,,,
Paul Molitor,molitpa01,['The Ignitor'],The Ignitor,,,,,
Dustin Molleken,molledu01,['Half Moon'],Half Moon,,,,,
Bill Monbouquette,monbobi01,['Monbo'],Monbo,,,,,
Yoan Moncada,moncayo01,['Yoyo'],Yoyo,,,,,
Carlos Moncrief,moncrca01,['C-Los'],C-Los,,,,,
Adalberto Mondesi,mondera02,"['Mondi', 'La Guinea', 'Ace']",Mondi,La Guinea,Ace,,,
Raul Mondesi,mondera01,['The Buffalo'],The Buffalo,,,,,
Don Money,moneydo01,['Brooks'],Brooks,,,,,
Mickey Moniak,moniami01,['Mickey'],Mickey,,,,,
Ed Monroe,monroed01,['Peck'],Peck,,,,,
John Montefusco,montejo01,['The Count'],The Count,,,,,
Felipe Montemayor,montefe01,['Monty'],Monty,,,,,
Miguel Montero,montemi01,['Monty'],Monty,,,,,
Rafael Montero,montera01,"['Fugarra', 'Monte']",Fugarra,Monte,,,,
Jordan Montgomery,montgjo01,"['Gumby', 'Monty']",Gumby,Monty,,,,
Mike Montgomery,montgmi01,['Monty'],Monty,,,,,
George Moolic,moolige01,['Prunes'],Prunes,,,,,
Leo Moon,moonle01,['Lefty'],Lefty,,,,,
Bill Moore,moorebi02,['Willie'],Willie,,,,,
Dylan Moore,mooredy01,['D Mo'],D Mo,,,,,
Earl Moore,mooreea01,"['Crossfire', 'Big Ebbie', 'Steam Engine in Boots']",Crossfire,Big Ebbie,Steam Engine in Boots,,,
Euel Moore,mooreeu01,['Chief'],Chief,,,,,
Gene Moore,moorege02,['Blue Goose'],Blue Goose,,,,,
Gene Moore,moorege03,['Rowdy'],Rowdy,,,,,
Jo-Jo Moore,moorejo02,['The Gause Ghost'],The Gause Ghost,,,,,
Matt Moore,moorema02,"['Matty Moe', 'Matt Man']",Matty Moe,Matt Man,,,,
Ray Moore,moorera02,"['Farmer', 'Old Blue']",Farmer,Old Blue,,,,
Tyler Moore,moorety01,['T-Mo'],T-Mo,,,,,
Wilcy Moore,moorewi01,"['Cy', 'Deacon']",Cy,Deacon,,,,
Kendrys Morales,moralke01,"['Mo Mo', 'Monina']",Mo Mo,Monina,,,,
Bill Moran,moranbi03,['Bugs'],Bugs,,,,,
Charlie Moran,moranch02,['Uncle Charlie'],Uncle Charlie,,,,,
Colin Moran,moranco01,['Redbeard'],Redbeard,,,,,
Roy Moran,moranro01,['Deedle'],Deedle,,,,,
Mickey Morandini,moranmi01,"['Dandy Little Glove Man', 'Mickey Mo', 'Beaker']",Dandy Little Glove Man,Mickey Mo,Beaker,,,
Dave Morehead,morehda01,['Moe'],Moe,,,,,
Seth Morehead,morehse01,['Moe'],Moe,,,,,
Adrian Morejon,morejad01,['More'],More,,,,,
Keith Moreland,morelke01,['Zonk'],Zonk,,,,,
Mitch Moreland,morelmi01,['Mitchy Two Bags'],Mitchy Two Bags,,,,,
Lew Moren,morenle01,['Hicks'],Hicks,,,,,
Julio Moreno,morenju01,['Jiqui'],Jiqui,,,,,
Omar Moreno,morenom01,"['The Antelope', 'The Outmaker']",The Antelope,The Outmaker,,,,
Adam Morgan,morgaad01,"['Mo', 'A-Mo']",Mo,A-Mo,,,,
Chet Morgan,morgach01,['Chick'],Chick,,,,,
Eddie Morgan,morgaed02,['Pepper'],Pepper,,,,,
Joe Morgan,morgajo02,"['Little Joe', 'The Little General']",Little Joe,The Little General,,,,
Nyjer Morgan,morgany01,['Tony Plush'],Tony Plush,,,,,
Tom Morgan,morgato01,['Plowboy'],Plowboy,,,,,
Mike Morin,morinmi01,['Moosh'],Moosh,,,,,
Max Moroff,morofma01,['Maxwell'],Maxwell,,,,,
Reyes Moronta,moronre01,['El Tibu'],El Tibu,,,,,
John Morrill,morrijo01,['Honest John'],Honest John,,,,,
Bryan Morris,morribr01,['B-Mo'],B-Mo,,,,,
Ed Morris,morried01,['Cannonball'],Cannonball,,,,,
Ed Morris,morried02,['Big Ed'],Big Ed,,,,,
Jack Morris,morrija02,"['Black Jack', 'Mount Morris']",Black Jack,Mount Morris,,,,
Johnny Morrison,morrijo04,['Jughandle Johnny'],Jughandle Johnny,,,,,
Logan Morrison,morrilo01,['LoMo'],LoMo,,,,,
Frank Morrissey,morrifr01,['Deacon'],Deacon,,,,,
Jack Morrissey,morrija01,['King'],King,,,,,
Joseph Morrissey,morrijo05,['Jo-Jo'],Jo-Jo,,,,,
Brandon Morrow,morrobr01,['B Mo'],B Mo,,,,,
Hap Morse,morseha01,['Pete'],Pete,,,,,
Mike Morse,morsemi01,['The Beast'],The Beast,,,,,
Charlie Morton,mortoch02,"['Ground Chuck', 'Uncle Charlie']",Ground Chuck,Uncle Charlie,,,,
Colt Morton,mortoco01,['Colt'],Colt,,,,,
Guy Morton,mortogu01,['Alabama Blossom'],Alabama Blossom,,,,,
Guy Morton,mortogu02,['Moose'],Moose,,,,,
Walt Moryn,morynwa01,['Moose'],Moose,,,,,
Lloyd Moseby,mosebll01,['Shaker'],Shaker,,,,,
Earl Moseley,moselea01,['Vic'],Vic,,,,,
Brandon Moss,mossbr01,['Moss Dogg'],Moss Dogg,,,,,
Don Mossi,mossido01,"['The Sphinx', 'Ears']",The Sphinx,Ears,,,,
Johnny Mostil,mostijo01,['Bananas'],Bananas,,,,,
Jason Motte,motteja01,['JMotte'],JMotte,,,,,
Taylor Motter,motteta01,['La Pesadilla'],La Pesadilla,,,,,
Bill Mountjoy,mountbi01,['Medicine Bill'],Medicine Bill,,,,,
Mike Moustakas,moustmi01,"['Moose', 'CA Strong']",Moose,CA Strong,,,,
Gabriel Moya,moyaga01,['Little Guardado'],Little Guardado,,,,,
Peter Moylan,moylape01,['Sledge'],Sledge,,,,,
Bill Mueller,muellbi01,['Hawk'],Hawk,,,,,
Don Mueller,muelldo01,['Mandrake The Magician'],Mandrake The Magician,,,,,
Emmett Mueller,muellhe02,['Heinie'],Heinie,,,,,
Ray Mueller,muellra01,['Iron Man'],Iron Man,,,,,
Billy Muffett,muffebi01,['Muff'],Muff,,,,,
Edward Mujica,mujiced01,['The Chief'],The Chief,,,,,
Hugh Mulcahy,mulcahu01,['Losing Pitcher'],Losing Pitcher,,,,,
Terry Mulholland,mulhote01,['Mo'],Mo,,,,,
Tony Mullane,mullato01,"['Count', 'The Apollo Of The Box']",Count,The Apollo Of The Box,,,,
Greg Mulleavy,mullegr01,['Moe'],Moe,,,,,
Ford Mullen,mullemo01,['Moon'],Moon,,,,,
Joe Mulligan,mullijo02,['Big Joe'],Big Joe,,,,,
George Mullin,mullige01,['Wabash George'],Wabash George,,,,,
Cedric Mullins,mullice01,['The Entertainer'],The Entertainer,,,,,
John Munce,muncejo01,['Big John'],Big John,,,,,
Max Muncy,muncyma01,"['Munce', 'Funky Muncy']",Munce,Funky Muncy,,,,
Les Munns,munnsle01,"['Nemo', 'Big Ed']",Nemo,Big Ed,,,,
Andres Munoz,munozan01,['El Plebe'],El Plebe,,,,,
Yairo Munoz,munozya01,['Palito'],Palito,,,,,
Thurman Munson,munsoth01,"['Tugboat', 'Squatty Body', 'The Walrus']",Tugboat,Squatty Body,The Walrus,,,
Chris Murphy,murphch01,['Murph'],Murph,,,,,
Con Murphy,murphco01,"['Monk', 'Razzle Dazzle']",Monk,Razzle Dazzle,,,,
Connie Murphy,murphco02,['Stone Face'],Stone Face,,,,,
Dale Murphy,murphda05,['The Murph'],The Murph,,,,,
Daniel Murphy,murphda08,['Murph'],Murph,,,,,
Danny Murphy,murphda01,['Handsome Dan'],Handsome Dan,,,,,
Dave Murphy,murphda03,['Dirty Dave'],Dirty Dave,,,,,
Eddie Murphy,murphed02,['Honest Eddie'],Honest Eddie,,,,,
John Murphy,murphjo03,['Soldier Boy'],Soldier Boy,,,,,
John Ryan Murphy,murphjr01,['Choir Boy'],Choir Boy,,,,,
Johnny Murphy,murphjo04,"['Fireman', 'Grandma', 'Fordham Johnny']",Fireman,Grandma,Fordham Johnny,,,
Leo Murphy,murphle01,['Red'],Red,,,,,
Pat Murphy,murphpa99,['Murph'],Murph,,,,,
Tom Murphy,murphto04,"['Murph', 'Stashu']",Murph,Stashu,,,,
Willie Murphy,murphwi01,['Gentle Willie'],Gentle Willie,,,,,
Yale Murphy,murphya01,"['Tot', 'Midget']",Tot,Midget,,,,
A.J. Murray,murraaj01,['A J'],A J,,,,,
Bill Murray,murrabi01,['Dasher'],Dasher,,,,,
Eddie Murray,murraed02,"['Steady Eddie', 'Tired']",Steady Eddie,Tired,,,,
George Murray,murrage01,['Smiler'],Smiler,,,,,
Jim Murray,murraji02,['Big Jim'],Big Jim,,,,,
Ray Murray,murrara01,['Deacon'],Deacon,,,,,
Harrison Musgrave,musgrha01,['Musky'],Musky,,,,,
Joe Musgrove,musgrjo01,['Moose'],Moose,,,,,
Stan Musial,musiast01,"['Stan the Man', 'Stashu', 'Stash', 'The Donora Greyhound']",Stan the Man,Stashu,Stash,The Donora Greyhound,,
Mike Mussina,mussimi01,['Moose'],Moose,,,,,
Jim Mutrie,mutriji99,['Truthful Jim'],Truthful Jim,,,,,
George Myatt,myattge01,"['Mercury', 'Stud', 'Foghorn']",Mercury,Stud,Foghorn,,,
Al Myers,myersal01,['Cod'],Cod,,,,,
Wil Myers,myerswi01,['El Gallo'],El Gallo,,,,,
Judge Nagle,nagleju01,['Lucky'],Lucky,,,,,
Charles Nagy,nagych01,['Nags'],Nags,,,,,
Sam Nahem,nahemsa01,['Subway Sam'],Subway Sam,,,,,
Frank Naleway,nalewfr01,['Chick'],Chick,,,,,
William Nance,nancedo01,['Kid'],Kid,,,,,
Mike Napoli,napolmi01,['Porterhouse'],Porterhouse,,,,,
Tyler Naquin,naquity01,['Billy'],Billy,,,,,
Cholly Naranjo,naranch01,['Gonzalo'],Gonzalo,,,,,
Bill Narleski,narlebi01,['Cap'],Cap,,,,,
Jerry Narron,narroje01,['Barnabas'],Barnabas,,,,,
Omar Narvaez,narvaom01,['Narvy'],Narvy,,,,,
Jim Nash,nashji01,['Jumbo'],Jumbo,,,,,
Phil Nastu,nastuph01,['Phil'],Phil,,,,,
Julio Navarro,navarju01,['Whiplash'],Whiplash,,,,,
Josh Naylor,naylojo01,"['Mississauga Masher', 'Naylz']",Mississauga Masher,Naylz,,,,
Zach Neal,nealza01,['Nealy'],Nealy,,,,,
Tom Needham,needhto01,['Deerfoot'],Deerfoot,,,,,
Kristopher Negron,negrokr01,['Negron James'],Negron James,,,,,
Cecil Neighbors,neighcy01,['Cy'],Cy,,,,,
Andy Nelson,nelsoan01,['Peaches'],Peaches,,,,,
Emmett Nelson,nelsoem01,['Ramrod'],Ramrod,,,,,
Jeff Nelson,nelsoje01,['Nellie'],Nellie,,,,,
Jimmy Nelson,nelsoji02,['Big Sweat'],Big Sweat,,,,,
Lynn Nelson,nelsoly01,['Line Drive'],Line Drive,,,,,
Ray Nelson,nelsora01,['Kell'],Kell,,,,,
Roger Nelson,nelsoro02,['Spider'],Spider,,,,,
Tex Nelson,nelsote01,['Babe'],Babe,,,,,
Hector Neris,nerishe01,"['Happy Hector', 'Compa H', 'Compa N']",Happy Hector,Compa H,Compa N,,,
Graig Nettles,nettlgr01,['Puff'],Puff,,,,,
John Neuer,neuerte01,['Tacks'],Tacks,,,,,
Dovydas Neverauskas,neverdo01,['Lithuanian'],Lithuanian,,,,,
Phil Nevin,nevinph01,['Nev'],Nev,,,,,
Sean Newcomb,newcose01,['Newk'],Newk,,,,,
Don Newcombe,newcodo01,['Newk'],Newk,,,,,
Hal Newhouser,newhoha01,['Prince Hal'],Prince Hal,,,,,
Floyd Newkirk,newkifl01,['Three Finger'],Three Finger,,,,,
Joel Newkirk,newkijo01,['Sailor'],Sailor,,,,,
Charlie Newman,newmach01,['Decker'],Decker,,,,,
Kevin Newman,newmake01,['Newms'],Newms,,,,,
Bobo Newsom,newsobo01,['Buck'],Buck,,,,,
Ljay Newsome,newsolj01,['Quiet Assassin'],Quiet Assassin,,,,,
Warren Newson,newsowa01,['The Deacon'],The Deacon,,,,,
Juan Nicasio,nicasju01,['Arenoso'],Arenoso,,,,,
Brett Nicholas,nichobr01,['Jethro'],Jethro,,,,,
Don Nicholas,nichodo01,['The Phoenix Flash'],The Phoenix Flash,,,,,
Chet Nichols,nichoch01,['Nick'],Nick,,,,,
Dolan Nichols,nichodo02,['Nick'],Nick,,,,,
Bill Nicholson,nichobi01,['Swish'],Swish,,,,,
Fred Nicholson,nichofr02,['Shoemaker'],Shoemaker,,,,,
Parson Nicholson,nichopa01,['Deacon'],Deacon,,,,,
Justin Nicolino,nicolju01,"['Big Bird', 'Nico']",Big Bird,Nico,,,,
Tomas Nido,nidoto01,['Needz'],Needz,,,,,
Charlie Niebergall,niebech01,['Nig'],Nig,,,,,
Tom Niedenfuer,niedeto01,"['Buff', 'Buffalo Head']",Buff,Buffalo Head,,,,
Phil Niekro,niekrph01,['Knucksie'],Knucksie,,,,,
Fernando Nieve,nievefe01,['Nightly Nieve'],Nightly Nieve,,,,,
Juan Nieves,nieveju01,['Juanchi'],Juanchi,,,,,
Tom Niland,nilanto01,['Honest Tom'],Honest Tom,,,,,
George Nill,nillra01,['Rabbit'],Rabbit,,,,,
Brandon Nimmo,nimmobr01,"['Nimms', 'Tater']",Nimms,Tater,,,,
Al Nixon,nixonal01,['Humpty Dumpty'],Humpty Dumpty,,,,,
Aaron Nola,nolaaa01,['Nols'],Nols,,,,,
Ricky Nolasco,nolasri01,['Tricky'],Tricky,,,,,
Hideo Nomo,nomohi01,['The Tornado'],The Tornado,,,,,
Bud Norris,norribu01,"['Budsworth', 'Budman']",Budsworth,Budman,,,,
Daniel Norris,norrida01,['D.No'],D.No,,,,,
Derek Norris,norride01,['Norrisaurusrex'],Norrisaurusrex,,,,,
Jake Northrop,northja01,['Jerky'],Jerky,,,,,
Effie Norton,nortoef01,['Leiter'],Leiter,,,,,
Ivan Nova,novaiv01,['Super Nova'],Super Nova,,,,,
Lou Novikoff,noviklo01,['The Mad Russian'],The Mad Russian,,,,,
Eduardo Nunez,nunezed02,"['Nuni', 'Nunie']",Nuni,Nunie,,,,
Renato Nunez,nunezre01,['Tato'],Tato,,,,,
Vidal Nuno III,nunovi01,['Sleepy'],Sleepy,,,,,
Everett Nutter,nuttedi01,['Dizzy'],Dizzy,,,,,
Joe Nuxhall,nuxhajo01,"[""Ol' Lefthander""]",Ol' Lefthander,,,,,
John O'Brien,o'brijo02,['Chewing Gum'],Chewing Gum,,,,,
Johnny O'Brien,o'brijo03,"['Little John', 'Johnny O']",Little John,Johnny O,,,,
Tom O'Brien,o'brito01,['Darby'],Darby,,,,,
Tommy O'Brien,o'brito03,['Obie'],Obie,,,,,
Jack O'Connor,o'conja01,"['Rowdy Jack', 'Peach Pie']",Rowdy Jack,Peach Pie,,,,
Jack O'Connor,o'conja02,['Oak'],Oak,,,,,
Johnny O'Connor,o'conjo02,['Bucky'],Bucky,,,,,
Darren O'Day,odayda01,['Odachowski'],Odachowski,,,,,
Paul O'Dea,o'deapa01,['Lefty'],Lefty,,,,,
Harry O'Donnell,o'donha01,['Butch'],Butch,,,,,
Chris O'Grady,ogradch01,['Grizz'],Grizz,,,,,
Ryan O'Hearn,ohearry01,['Brohearn'],Brohearn,,,,,
Dan O'Leary,o'leada01,['Hustling Dan'],Hustling Dan,,,,,
Oran O'Neal,o'neask01,['Skinny'],Skinny,,,,,
Emmett O'Neill,o'neiem01,['Pinky'],Pinky,,,,,
Fred O'Neill,o'neifr01,['Tip'],Tip,,,,,
Paul O'Neill,o'neipa01,['The Warrior'],The Warrior,,,,,
Tip O'Neill,o'neiti01,['The Woodstock Wonder'],The Woodstock Wonder,,,,,
Frank O'Rourke,o'roufr01,['Blackie'],Blackie,,,,,
Jim O'Rourke,o'rouji01,['Orator Jim'],Orator Jim,,,,,
Jimmy O'Rourke,o'rouqu01,['Queenie'],Queenie,,,,,
Tim O'Rourke,o'routi01,['Voiceless Tim'],Voiceless Tim,,,,,
Scott Oberg,obergsc01,['Obie'],Obie,,,,,
Frank Oberlin,oberlfr01,['Flossie'],Flossie,,,,,
Walter Ockey,ockeywa01,['Footie'],Footie,,,,,
Ted Odenwald,odenwte01,['Lefty'],Lefty,,,,,
Blue Moon Odom,odombl01,['Blue Moon'],Blue Moon,,,,,
Dave Odom,odomda01,"['Blimp', 'Porky']",Blimp,Porky,,,,
Rougned Odor,odorro01,"['Stink', 'Stinky', 'Roogie', 'El Tipo']",Stink,Stinky,Roogie,El Tipo,,
Jake Odorizzi,odorija01,['Odo'],Odo,,,,,
Fred Odwell,odwelfr01,['Fritz'],Fritz,,,,,
Chuck Oertel,oertech01,"['Ducky', 'Snuffy']",Ducky,Snuffy,,,,
Bruce Ogrodowski,ogrodbr01,['Brusie'],Brusie,,,,,
Seunghwan Oh,ohse01,"['Final Boss', 'Stone Buddha']",Final Boss,Stone Buddha,,,,
Ross Ohlendorf,ohlenro01,['Ross'],Ross,,,,,
Shohei Ohtani,ohtansh01,['Showtime'],Showtime,,,,,
Steven Okert,okertst01,['O'],O,,,,,
Frank Okrie,okriefr01,['Lefty'],Lefty,,,,,
Al Oliver,oliveal01,['Scoop'],Scoop,,,,,
Nate Oliver,olivena01,['Pee Wee'],Pee Wee,,,,,
Tom Oliver,oliveto01,['Rebel'],Rebel,,,,,
Gregg Olson,olsongr01,['Otter'],Otter,,,,,
Karl Olson,olsonka01,['Ole'],Ole,,,,,
Marv Olson,olsonma01,['Sparky'],Sparky,,,,,
Matt Olson,olsonma02,['Oly'],Oly,,,,,
Tyler Olson,olsonty01,['Oly'],Oly,,,,,
Manuel Onis,onisra01,['Curly'],Curly,,,,,
Jose Oquendo,oquenjo01,['Secret Weapon'],Secret Weapon,,,,,
Tony Ordenana,ordento01,['Mosquito'],Mosquito,,,,,
John Orsino,orsinjo01,['Horse'],Horse,,,,,
Phil Ortega,ortegph01,['Kemo'],Kemo,,,,,
Rafael Ortega,ortegra01,['Balita'],Balita,,,,,
Frank Ortenzio,ortenfr01,['Moose'],Moose,,,,,
Al Orth,orthal01,"['Smiling Al', 'The Curveless Wonder']",Smiling Al,The Curveless Wonder,,,,
David Ortiz,ortizda01,"['Big Papi', 'Cookie Monster']",Big Papi,Cookie Monster,,,,
Oliverio Ortiz,ortizba01,['Baby'],Baby,,,,,
Fred Osborn,osborfr02,['Ossie'],Ossie,,,,,
Josh Osich,osichjo01,['O'],O,,,,,
Dan Osinski,osinsda01,['The Silencer'],The Silencer,,,,,
Claude Osteen,osteecl01,['Gomer'],Gomer,,,,,
Joe Ostrowski,ostrojo02,"['Professor', 'Specs']",Professor,Specs,,,,
Antonio Osuna,osunaan01,['El Canon'],El Canon,,,,,
Jose Osuna,osunajo01,['El Gocho'],El Gocho,,,,,
Roberto Osuna,osunaro01,"['Little Cannon', 'Osuna Matata', 'No Panic']",Little Cannon,Osuna Matata,No Panic,,,
Corey Oswalt,oswalco01,['Oz'],Oz,,,,,
Roy Oswalt,oswalro01,['Wizard of Os'],Wizard of Os,,,,,
Dan Otero,oteroda01,['OT'],OT,,,,,
Bill Otey,oteybi01,['Steamboat Bill'],Steamboat Bill,,,,,
Amos Otis,otisam01,['A.O.'],A.O.,,,,,
Harry Otis,otisha01,['Cannonball'],Cannonball,,,,,
Mel Ott,ottme01,['Master Melvin'],Master Melvin,,,,,
Adam Ottavino,ottavad01,"['Otto', 'AO', 'Brooklyn']",Otto,AO,Brooklyn,,,
Frank Owen,owenfr01,['Yip'],Yip,,,,,
Marv Owen,owenma01,['Freck'],Freck,,,,,
Jim Owens,owensji01,['Bear'],Bear,,,,,
Paul Owens,owenspa99,['The Pope'],The Pope,,,,,
Yip Owens,owensfr01,['Yip'],Yip,,,,,
Chris Owings,owingch01,['C.O.'],C.O.,,,,,
Andy Oyler,oyleran01,['Pepper'],Pepper,,,,,
Ray Oyler,oylerra01,['Oil Can Harry'],Oil Can Harry,,,,,
Horace Ozmer,ozmerdo01,['Doc'],Doc,,,,,
Marcell Ozuna,ozunama01,['The Big Bear'],The Big Bear,,,,,
Charlie Pabor,paborch01,['The Old Woman in the Red Cap'],The Old Woman in the Red Cap,,,,,
Tom Paciorek,pacioto01,['Wimpy'],Wimpy,,,,,
Chris Paddack,paddach01,['Sheriff'],Sheriff,,,,,
Dick Padden,paddedi01,['Brains'],Brains,,,,,
Ernie Padgett,padgeer01,['Red'],Red,,,,,
Andy Pafko,pafkoan01,"['Handy Andy', 'Pruschka']",Handy Andy,Pruschka,,,,
Angel Pagan,paganan01,['Crazy Horse'],Crazy Horse,,,,,
Emilio Pagan,paganem01,['Emiliooooo'],Emiliooooo,,,,,
Joe Page,pagejo01,"['Fireman', 'The Gay Reliever']",Fireman,The Gay Reliever,,,,
Mitchell Page,pagemi02,"['The Rage', ""The Swingin' Rage""]",The Rage,The Swingin' Rage,,,,
Jim Pagliaroni,pagliji01,['Pag'],Pag,,,,,
Mike Pagliarulo,paglimi01,['Pags'],Pags,,,,,
Pat Paige,paigepa01,['Piggy'],Piggy,,,,,
Phil Paine,paineph01,['Flip'],Flip,,,,,
Daniel Palka,palkada01,['DP'],DP,,,,,
Donn Pall,palldo01,['The Pope'],The Pope,,,,,
Eddie Palmer,palmeed01,['Baldy'],Baldy,,,,,
Jim Palmer,palmeji01,['Cakes'],Cakes,,,,,
Emilio Palmero,palmeem01,['Pal'],Pal,,,,,
Joe Panik,panikjo01,['J.P.'],J.P.,,,,,
Thomas Pannone,pannoth01,['Lil G'],Lil G,,,,,
Frank Papish,papisfr01,['Pap'],Pap,,,,,
Milt Pappas,pappami01,['Gimpy'],Gimpy,,,,,
ByungHo Park,parkby01,['Park Bang'],Park Bang,,,,,
Blake Parker,parkebl01,['B-Easy'],B-Easy,,,,,
Dave Parker,parkeda01,['Cobra'],Cobra,,,,,
Harley Parker,parkedo01,['Doc'],Doc,,,,,
Jarrett Parker,parkeja03,['Park'],Park,,,,,
Wes Parker,parkewe01,['Mr. Steady'],Mr. Steady,,,,,
Frank Parkinson,parkifr01,['Parky'],Parky,,,,,
Roy Parmelee,parmero01,"['Bud', 'Tarzan']",Bud,Tarzan,,,,
Mel Parnell,parneme01,['Dusty'],Dusty,,,,,
Gerardo Parra,parrage01,"['Parra Shark', 'El Yolo']",Parra Shark,El Yolo,,,,
Lance Parrish,parrila02,['Big Wheel'],Big Wheel,,,,,
Tom Parrott,parroto01,['Tacky Tom'],Tacky Tom,,,,,
William Parson,parsoji01,['Jiggs'],Jiggs,,,,,
Stan Partenheimer,partest02,['Party'],Party,,,,,
Camilo Pascual,pascuca02,"['Patato Pequeno', 'Camile', 'Little Potato']",Patato Pequeno,Camile,Little Potato,,,
Carlos Pascual,pascuca01,['Patato'],Patato,,,,,
Dode Paskert,paskedo01,['Honey Boy'],Honey Boy,,,,,
Vinnie Pasquantino,pasquvi01,"['Italian Breakfast', 'Italian Nightmare', 'Pasquatch']",Italian Breakfast,Italian Nightmare,Pasquatch,,,
Mike Pasquella,pasqumi01,['Toney'],Toney,,,,,
Jim Pastorius,pastoji01,['Sunny Jim'],Sunny Jim,,,,,
Freddie Patek,patekfr01,"['The Flea', 'The Cricket']",The Flea,The Cricket,,,,
Casey Patten,patteca01,['Pat'],Pat,,,,,
Bob Patterson,pattebo01,['Glove Doctor'],Glove Doctor,,,,,
Roy Patterson,pattero01,"['Pat', 'St. Croix', 'Boy Wonder']",Pat,St. Croix,Boy Wonder,,,
Marty Pattin,pattima01,"['Bulldog', 'Duck']",Bulldog,Duck,,,,
David Paulino,paulida01,['El Control'],El Control,,,,,
Carl Pavano,pavanca01,['American Idle'],American Idle,,,,,
Ted Pawelek,pawelte01,['Porky'],Porky,,,,,
James Paxton,paxtoja01,['The Big Maple'],The Big Maple,,,,,
Pedro Payano,payanpe01,['Payanito'],Payanito,,,,,
Harley Payne,payneha01,['Lady'],Lady,,,,,
James Pazos,pazosja01,['Papa Paz'],Papa Paz,,,,,
Brad Peacock,peacobr01,['P'],P,,,,,
Bunny Pearce,pearcdu01,['Ducky'],Ducky,,,,,
Steve Pearce,pearcst01,['Late Lightning'],Late Lightning,,,,,
Monte Pearson,pearsmo01,['Hoot'],Hoot,,,,,
George Pechiney,pechige01,['Pisch'],Pisch,,,,,
Les Peden,pedenle01,['Gooch'],Gooch,,,,,
Joc Pederson,pederjo01,"['Dizzy', 'King']",Dizzy,King,,,,
Dustin Pedroia,pedrodu01,"['Laser Show', 'Petey', 'Muddy Chicken', 'Pedey']",Laser Show,Petey,Muddy Chicken,Pedey,,
Charlie Peete,peetech01,['Mule'],Mule,,,,,
Liover Peguero,pegueli01,['Peggy'],Peggy,,,,,
Mike Pelfrey,pelfrmi01,['Big Pelf'],Big Pelf,,,,,
Barney Pelty,peltyba01,['The Yiddish Curver'],The Yiddish Curver,,,,,
Ariel Pena,penaar01,['Happy Milton'],Happy Milton,,,,,
Felix Pena,penafe01,"['Ricardon', 'La Befla']",Ricardon,La Befla,,,,
Francisco Pena,penafr01,['Penita'],Penita,,,,,
Jeremy Pena,penaje02,['La Tormenta'],La Tormenta,,,,,
Roberto Pena,penaro01,['Baby'],Baby,,,,,
Hunter Pence,pencehu01,"['Captain Underpants', 'Wawindaji']",Captain Underpants,Wawindaji,,,,
Russell Pence,penceru01,['Rusty'],Rusty,,,,,
Terry Pendleton,pendlte01,['TP'],TP,,,,,
Cliff Pennington,pennicl01,['Penny'],Penny,,,,,
Herb Pennock,pennohe01,['The Squire/Knight Of Kennett Square'],The Squire/Knight Of Kennett Square,,,,,
Joe Pepitone,pepitjo01,['Pepi'],Pepi,,,,,
Henry Peploski,peplohe01,['Pep'],Pep,,,,,
David Peralta,peralda01,['Freight Train'],Freight Train,,,,,
Freddy Peralta,peralfr01,"['Kaciki', 'Fastball Freddy']",Kaciki,Fastball Freddy,,,,
Wandy Peralta,peralwa01,['La Grasa'],La Grasa,,,,,
Wily Peralta,peralwi01,['Big Wily'],Big Wily,,,,,
Jose Peraza,perazjo01,"['Miguel Angel', 'El Llanero', 'My Little Ones']",Miguel Angel,El Llanero,My Little Ones,,,
Luis Perdomo,perdolu02,['El Chamaquito'],El Chamaquito,,,,,
Hub Perdue,perduhu01,['The Gallatin Squash'],The Gallatin Squash,,,,,
Chris Perez,perezch01,['Pure Rage'],Pure Rage,,,,,
Hernan Perez,perezhe01,"['Pan Blanco', 'Pepper']",Pan Blanco,Pepper,,,,
Martin Perez,perezma02,"['El De Guanare', 'El de las Matas']",El De Guanare,El de las Matas,,,,
Michael Perez,perezmi03,['Mykii'],Mykii,,,,,
Oliver Perez,perezol01,"['Ollie', 'El Paisa']",Ollie,El Paisa,,,,
Pascual Perez,perezpa01,['I-285'],I-285,,,,,
Roberto Perez,perezro02,['Bebo'],Bebo,,,,,
Salvador Perez,perezsa02,"['Salvy', 'El Nino']",Salvy,El Nino,,,,
Tony Perez,perezto01,"['Big Dog', 'Doggie']",Big Dog,Doggie,,,,
Tony Perezchica,perezto02,['T.P.'],T.P.,,,,,
Cameron Perkins,perkica01,['Cam'],Cam,,,,,
Charlie Perkins,perkich01,['Lefty'],Lefty,,,,,
Glen Perkins,perkigl01,['Perk'],Perk,,,,,
John Perkovich,perkojo01,['Perky'],Perky,,,,,
Hub Pernoll,pernohu01,['Piano Legs'],Piano Legs,,,,,
Bill Perrin,perribi01,['Lefty'],Lefty,,,,,
Hank Perry,perryha01,['Socks'],Socks,,,,,
Herbert Perry,perryhe01,['Milkman'],Milkman,,,,,
Johnny Pesky,peskyjo01,['The Needle'],The Needle,,,,,
Vinnie Pestano,pestavi01,['VFP'],VFP,,,,,
Dillon Peters,peterdi01,['Dillypicklez'],Dillypicklez,,,,,
John Peters,peterjo02,"['Big Pete', 'Shotgun']",Big Pete,Shotgun,,,,
Rick Peters,peterri01,['Ricky'],Ricky,,,,,
Jace Peterson,peterja01,"['Petey', 'On Base Jace']",Petey,On Base Jace,,,,
Kent Peterson,peterke01,['Pete'],Pete,,,,,
Yusmeiro Petit,petityu01,['Yus'],Yus,,,,,
Jake Petricka,petrija01,['Petey'],Petey,,,,,
Dan Petry,petryda01,['Peaches'],Peaches,,,,,
Leon Pettit,pettile01,['Lefty'],Lefty,,,,,
Paul Pettit,pettipa01,['Lefty'],Lefty,,,,,
Jesse Petty,pettyje01,['The Silver Fox'],The Silver Fox,,,,,
John Pezzullo,pezzupr01,['Pretzel'],Pretzel,,,,,
Fred Pfeffer,pfefffr01,"['Fritz', 'Dandelion']",Fritz,Dandelion,,,,
Jack Pfiester,pfiesja01,['Jack The Giant Killer'],Jack The Giant Killer,,,,,
Tommy Pham,phamth01,['Phamtastic'],Phamtastic,,,,,
Josh Phegley,phegljo01,['PTBNL'],PTBNL,,,,,
Art Phelan,phelaar01,['Dugan'],Dugan,,,,,
Babe Phelps,phelpba01,['Blimp'],Blimp,,,,,
David Phelps,phelpda01,['Phelpsy'],Phelpsy,,,,,
Ed Phelps,phelped01,['Yaller'],Yaller,,,,,
Ken Phelps,phelpke01,['Digger'],Digger,,,,,
Adolfo Phillips,phillad01,"['Panamanian Flash', 'Dolpho']",Panamanian Flash,Dolpho,,,,
Bill Phillips,phillbi02,"['Whoa Bill', 'Silver Bill']",Whoa Bill,Silver Bill,,,,
Brandon Phillips,phillbr01,"['B-Peezy', 'DatDude']",B-Peezy,DatDude,,,,
Brett Phillips,phillbr02,['Maverick'],Maverick,,,,,
Dee Phillips,phillda02,['Dee'],Dee,,,,,
Evan Phillips,phillev01,"['Philly', 'High Leverage Honey Bun']",Philly,High Leverage Honey Bun,,,,
Jack Phillips,phillja02,['Stretch'],Stretch,,,,,
Jason Phillips,phillja04,['J P'],J P,,,,,
Taylor Phillips,phillta01,['T-Bone'],T-Bone,,,,,
Wiley Piatt,piattwi01,['Iron Man'],Iron Man,,,,,
Rob Picciolo,picciro01,['Pepperdine Peach'],Pepperdine Peach,,,,,
Urbane Pickering,pickeur01,['Pick'],Pick,,,,,
Mario Picone,piconma01,['Babe'],Babe,,,,,
Al Piechota,piechal01,['Pie'],Pie,,,,,
George Pierce,pearcge01,['Filbert'],Filbert,,,,,
Ray Pierce,piercra01,['Lefty'],Lefty,,,,,
Bill Piercy,piercbi01,['Wild Bill'],Wild Bill,,,,,
Marino Pieretti,pierema01,['Chick'],Chick,,,,,
Bill Pierro,pierrbi01,['Wild Bill'],Wild Bill,,,,,
Jim Piersall,piersji01,['Jimmy'],Jimmy,,,,,
Tyler Pill,pillty01,['Pilly'],Pilly,,,,,
Kevin Pillar,pillake01,"['Superman', 'Pill', 'KP']",Superman,Pill,KP,,,
Duane Pillette,pilledu01,['Dee'],Dee,,,,,
Herman Pillette,pillehe01,['Old Folks'],Old Folks,,,,,
Manny Pina,pinama01,['Pineapple'],Pineapple,,,,,
Chad Pinder,pindech01,"['Swipe Right', 'Chi']",Swipe Right,Chi,,,,
Michael Pineda,pinedmi01,['Big Mike'],Big Mike,,,,,
Lou Piniella,pinielo01,['Sweet Lou'],Sweet Lou,,,,,
Ed Pinnance,pinnaed01,['Peanuts'],Peanuts,,,,,
Ricardo Pinto,pintori01,['Pinto Bean'],Pinto Bean,,,,,
Jose Pirela,pireljo01,['Aguila Negra'],Aguila Negra,,,,,
Stephen Piscotty,piscost01,['MoMo'],MoMo,,,,,
Alex Pitko,pitkoal01,['Spunk'],Spunk,,,,,
Clarke Pittenger,pittipi01,['Pinky'],Pinky,,,,,
Joe Pittman,pittmjo01,['Shoes'],Shoes,,,,,
Nick Pivetta,pivetni01,['Piv'],Piv,,,,,
Juan Pizarro,pizarju01,['Terin'],Terin,,,,,
Eddie Plank,planked01,['Gettysburg Eddie'],Gettysburg Eddie,,,,,
Kevin Plawecki,plaweke01,"['Plaw', 'Plaw Dawg']",Plaw,Plaw Dawg,,,,
Zach Plesac,plesaza01,['Sac'],Sac,,,,,
Trevor Plouffe,plouftr01,['Special T'],Special T,,,,,
Adam Plutko,plutkad01,['Pluto'],Pluto,,,,,
Colin Poche,pocheco01,['Po'],Po,,,,,
Bud Podbielan,podbibu01,['Bud'],Bud,,,,,
Johnny Podgajny,podgajo01,['Specs'],Specs,,,,,
Johnny Podres,podrejo01,['Pods'],Pods,,,,,
Scott Podsednik,podsesc01,['The Podfather'],The Podfather,,,,,
Joe Poetz,poetzjo01,['Bull Montana'],Bull Montana,,,,,
Jennings Poindexter,poindje01,['Jinx'],Jinx,,,,,
Aaron Pointer,pointaa01,['Hawk'],Hawk,,,,,
Gregory Polanco,polangr01,['El Coffee'],El Coffee,,,,,
Jorge Polanco,polanjo01,['Chulo'],Chulo,,,,,
Placido Polanco,polanpl01,['Polly'],Polly,,,,,
Mark Polhemus,polhema01,['Humpty Dumpty'],Humpty Dumpty,,,,,
Ken Polivka,polivke01,['Soup'],Soup,,,,,
Lou Polli,pollilo01,['Crip'],Crip,,,,,
AJ Pollock,polloaj01,['Pollo'],Pollo,,,,,
Drew Pomeranz,pomerdr01,['Big Smooth'],Big Smooth,,,,,
Harlin Pool,poolha01,['Samson'],Samson,,,,,
Jim Poole,pooleji01,['Easy'],Easy,,,,,
Rick Porcello,porceri01,"['Pretty Ricky', 'Ricky Raindrops', 'Veintidos']",Pretty Ricky,Ricky Raindrops,Veintidos,,,
Dick Porter,portedi01,"['Wiggles', 'Twitches']",Wiggles,Twitches,,,,
Jay Porter,porteja01,['Jay'],Jay,,,,,
Al Porto,portoal01,['Lefty'],Lefty,,,,,
Jorge Posada,posadjo01,['Sado'],Sado,,,,,
Bill Posedel,posedbi01,"['Sailor Bill', 'Barnacle Bill']",Sailor Bill,Barnacle Bill,,,,
Buster Posey,poseybu01,['Hum Buss'],Hum Buss,,,,,
Nellie Pott,pottne01,['Lefty'],Lefty,,,,,
Nels Potter,pottene01,['Nellie'],Nellie,,,,,
John Potts,pottsjo01,['Fred'],Fred,,,,,
Vivian Potts,pottsda01,['Doc'],Doc,,,,,
Brooks Pounders,poundbr01,['The Poundsman'],The Poundsman,,,,,
Abner Powell,powelab01,['Ab'],Ab,,,,,
Alonzo Powell,powelal01,['Zo-San'],Zo-San,,,,,
Bill Powell,powelbi01,['Big Bill'],Big Bill,,,,,
Boog Powell,powelbo02,['Little Mack'],Little Mack,,,,,
Jack Powell,powelja01,['Red'],Red,,,,,
Ray Powell,powelra01,['Rabbit'],Rabbit,,,,,
Willie Powell,powelwi01,"['Pee Wee', 'Pigmeat']",Pee Wee,Pigmeat,,,,
Ted Power,powerte01,['Teddy'],Teddy,,,,,
Phil Powers,powerph01,['Grandmother'],Grandmother,,,,,
Carl Powis,powisca01,['Jug'],Jug,,,,,
Martin Prado,pradoma01,['Pratt'],Pratt,,,,,
Al Pratt,prattal01,['Uncle Al'],Uncle Al,,,,,
Frank Pratt,prattfr01,['Trackhorse'],Trackhorse,,,,,
Todd Pratt,prattto02,"['Tank', 'Tankhead']",Tank,Tankhead,,,,
Mel Preibisch,preibme01,['Primo'],Primo,,,,,
Joe Presko,preskjo01,"['Baby Joe', 'Little Joe']",Baby Joe,Little Joe,,,,
Alex Presley,preslal01,['Pres'],Pres,,,,,
Ryan Pressly,pressry01,['Press'],Press,,,,,
Bryan Price,pricebr99,['BP'],BP,,,,,
David Price,priceda01,"[""Astro's Dad"", 'Slim Dunkin', 'X']",Astro's Dad,Slim Dunkin,X,,,
Jackie Price,priceja01,['Johnny'],Johnny,,,,,
Jim Price,priceji01,['Smokey'],Smokey,,,,,
Joe Price,pricejo01,['Lumber'],Lumber,,,,,
Ariel Prieto,prietar01,['Gordo'],Gordo,,,,,
Ray Prim,primra01,['Pop'],Pop,,,,,
George Proeser,proesge01,['Yatz'],Yatz,,,,,
Jurickson Profar,profaju01,['El Patron'],El Patron,,,,,
Bill Prough,prougbi01,['Clint'],Clint,,,,,
Earl Pruess,pruesea01,['Gibby'],Gibby,,,,,
Hub Pruett,pruethu01,['Shucks'],Shucks,,,,,
Austin Pruitt,pruitau01,['Pruman'],Pruman,,,,,
George Puccinelli,puccige01,"['Pooch', 'Count']",Pooch,Count,,,,
Kirby Puckett,puckeki01,['Puck'],Puck,,,,,
Yasiel Puig,puigya01,['Wild Horse'],Wild Horse,,,,,
Albert Pujols,pujolal01,"['Prince Albert', 'Phat Albert', 'The Machine', 'La Maquina', 'Tio Albert']",Prince Albert,Phat Albert,The Machine,La Maquina,Tio Albert,
Nick Punto,puntoni01,['Shredder'],Shredder,,,,,
Zach Putnam,putnaza01,['Putty'],Putty,,,,,
Ambrose Puttmann,puttmam01,"['Putty', 'Brose']",Putty,Brose,,,,
Ewald Pyle,pyleew01,['Lefty'],Lefty,,,,,
Harlan Pyle,pyleha01,['Firpo'],Firpo,,,,,
Harry Pyle,pylesh01,['Shadow'],Shadow,,,,,
Kevin Quackenbush,quackke01,['Quack'],Quack,,,,,
Chad Qualls,quallch01,['Quallsy'],Quallsy,,,,,
Tom Qualters,qualtto01,['Money Bags'],Money Bags,,,,,
Cal Quantrill,quantca01,['Quan'],Quan,,,,,
Matt Quatraro,quatrma99,['Q'],Q,,,,,
Billy Queen,queenbi01,['Doc'],Doc,,,,,
Hal Quick,quickha01,['Blondie'],Blondie,,,,,
Jose Quijada,quijajo01,['El Q'],El Q,,,,,
Frank Quilici,quilifr01,['Guido'],Guido,,,,,
John Quinn,quinnjo03,['Pick'],Pick,,,,,
Roman Quinn,quinnro01,"['Rome', 'PSJ']",Rome,PSJ,,,,
Jose Quintana,quintjo01,"['Q', 'Lelo']",Q,Lelo,,,,
Humberto Quintero,quinthu01,['El Gatto'],El Gatto,,,,,
Dan Quisenberry,quiseda01,"['Quiz', 'Q']",Quiz,Q,,,,
Ryan Raburn,raburry01,"['Second Half Raburn', 'Bobby']",Second Half Raburn,Bobby,,,,
Steve Rachunok,rachust01,['The Mad Russian'],The Mad Russian,,,,,
Dick Radatz,radatdi01,"['The Monster', 'Moose']",The Monster,Moose,,,,
George Radbourn,radboge01,"['Dandy', 'Dordy']",Dandy,Dordy,,,,
Old Hoss Radbourn,radboch01,['Old Hoss'],Old Hoss,,,,,
Ted Radcliffe,radclte01,['Double Duty'],Double Duty,,,,,
Dave Rader,raderda01,['Rooster'],Rooster,,,,,
Doug Rader,raderdo02,"['Rojo', 'The Red Rooster']",Rojo,The Red Rooster,,,,
Drew Rader,raderdr01,['Lefty'],Lefty,,,,,
Paul Radford,radfopa01,['Shorty'],Shorty,,,,,
Scott Radinsky,radinsc01,['Rads'],Rads,,,,,
Hal Raether,raethha01,['Bud'],Bud,,,,,
Ceddanne Rafaela,rafaece01,"['C Note', 'Raffy']",C Note,Raffy,,,,
Arthur Ragan,reagari01,['Rip'],Rip,,,,,
Tim Raines,raineti01,['Rock'],Rock,,,,,
Tim Raines Jr.,raineti02,['Little Rock'],Little Rock,,,,,
Tanner Rainey,raineta01,['Rainman'],Rainman,,,,,
Dave Rajsich,rajsida01,['The Blade'],The Blade,,,,,
Ed Rakow,rakowed01,['Rock'],Rock,,,,,
Cal Raleigh,raleica01,['Big Dumper'],Big Dumper,,,,,
Alexei Ramirez,ramiral03,['Cuban Missile'],Cuban Missile,,,,,
Erasmo Ramirez,ramirer02,['Mito'],Mito,,,,,
Hanley Ramirez,ramirha01,"['El Nino', 'Han-Ram', 'El Trece']",El Nino,Han-Ram,El Trece,,,
Harold Ramirez,ramirha02,['El Pri'],El Pri,,,,,
JC Ramirez,ramirjc01,"['Cubanito', 'J.C. Time']",Cubanito,J.C. Time,,,,
Jose Ramirez,ramirjo01,['Enriquito'],Enriquito,,,,,
Jose Ramirez,ramirjo02,['Rami'],Rami,,,,,
Manny Ramirez,ramirma02,"['Man-Ram', 'Manny Being Manny', 'Mannywood']",Man-Ram,Manny Being Manny,Mannywood,,,
Neil Ramirez,ramirne01,['Rammer'],Rammer,,,,,
Noe Ramirez,ramirno01,['Otto'],Otto,,,,,
Yefry Ramirez,ramirye01,['El Varon'],El Varon,,,,,
AJ Ramos,ramosaj01,['Junior'],Junior,,,,,
Edubray Ramos,ramosed02,['Tico'],Tico,,,,,
Pedro Ramos,ramospe01,['Pete'],Pete,,,,,
Wilson Ramos,ramoswi01,"['Willy', 'Buffalo']",Willy,Buffalo,,,,
Willie Ramsdell,ramsdwi01,['Willie the Knuck'],Willie the Knuck,,,,,
Bill Ramsey,ramsebi01,['Square Jaw'],Square Jaw,,,,,
Joe Randa,randajo01,['The Joker'],The Joker,,,,,
Willie Randolph,randowi01,['Mickey'],Mickey,,,,,
Bill Rariden,raridbi01,['Bedford Bill'],Bedford Bill,,,,,
Vic Raschi,raschvi01,['Springfield Rifle'],Springfield Rifle,,,,,
Bob Raudman,raudmbo01,['Shorty'],Shorty,,,,,
Josh Ravin,ravinjo01,['El Cuervo'],El Cuervo,,,,,
Johnny Rawlings,rawlijo01,['Red'],Red,,,,,
Irv Ray,rayir01,['Stubby'],Stubby,,,,,
Jim Ray,rayji01,['Sting'],Sting,,,,,
Robbie Ray,rayro02,['Bob'],Bob,,,,,
Floyd Rayford,rayfofl01,"['Honey Bear', 'Sugar Bear']",Honey Bear,Sugar Bear,,,,
Claude Raymond,raymocl01,['Frenchy'],Frenchy,,,,,
Harry Raymond,raymoha01,['Jack'],Jack,,,,,
J.T. Realmuto,realmjt01,['Real'],Real,,,,,
Jeff Reardon,reardje01,"['The Terminator', 'Yak Yak']",The Terminator,Yak Yak,,,,
Frank Reberger,reberfr01,['Crane'],Crane,,,,,
Josh Reddick,reddijo01,"['Mr. Irrelevant', 'Red Dawg']",Mr. Irrelevant,Red Dawg,,,,
Jack Redmond,redmoja01,['Red'],Red,,,,,
Mike Redmond,redmomi01,"['Red Dog', 'Red']",Red Dog,Red,,,,
Gary Redus,redusga01,['Paylo'],Paylo,,,,,
Addison Reed,reedad01,['Reeder'],Reeder,,,,,
AJ Reed,reedaj01,"['George', 'Herman', 'Big Herman', 'Herm']",George,Herman,Big Herman,Herm,,
Howie Reed,reedho01,['Diz'],Diz,,,,,
Jack Reed,reedja01,"[""Mantle's Caddie"", ""Mantle's Legs""]",Mantle's Caddie,Mantle's Legs,,,,
Stan Rees,reesst01,['Nellie'],Nellie,,,,,
Pee Wee Reese,reesepe01,['The Little Colonel'],The Little Colonel,,,,,
Bobby Reeves,reevebo01,['Gunner'],Gunner,,,,,
Rob Refsnyder,refsnro01,['Ref'],Ref,,,,,
Phil Regan,reganph01,['The Vulture'],The Vulture,,,,,
Frank Reiber,reibefr01,['Tubby'],Tubby,,,,,
Sean Reid-Foley,reidfse01,['SR-F'],SR-F,,,,,
Duke Reilley,reilldu01,['Midget'],Midget,,,,,
Charlie Reilly,reillch02,['Princeton Charlie'],Princeton Charlie,,,,,
John Reilly,reilljo01,['Long John'],Long John,,,,,
Pete Reiser,reisepe01,['Pistol Pete'],Pistol Pete,,,,,
Charlie Reising,reisich01,['Pop'],Pop,,,,,
Henry Reitz,reitzhe01,['Heinie'],Heinie,,,,,
Ken Reitz,reitzke01,['Zamboni'],Zamboni,,,,,
Jerry Remy,remyje01,['Rem Dawg'],Rem Dawg,,,,,
Anthony Rendon,rendoan01,"['Tony', 'Ant', 'Rendy', 'Tone', 'Tony Two Bags']",Tony,Ant,Rendy,Tone,Tony Two Bags,
Hunter Renfroe,renfrhu01,['Froe'],Froe,,,,,
Luis Rengifo,rengilu01,['Fifo'],Fifo,,,,,
Hal Reniff,renifha01,"['Porky', 'Whale']",Porky,Whale,,,,
Bill Renna,rennabi01,['Big Bill'],Big Bill,,,,,
Tony Rensa,rensato01,['Pug'],Pug,,,,,
Rick Renteria,renteri01,['Secret Weapon'],Secret Weapon,,,,,
Xavier Rescigno,rescixa01,['Mr. X'],Mr. X,,,,,
Dino Restelli,restedi01,['Dingo'],Dingo,,,,,
Ed Reulbach,reulbed01,['Big Ed'],Big Ed,,,,,
Rick Reuschel,reuscri01,['Big Daddy'],Big Daddy,,,,,
Ben Revere,reverbe01,['Revy'],Revy,,,,,
Alex Reyes,reyesal02,['A.Rey'],A.Rey,,,,,
Dennys Reyes,reyesde01,['Big Sweat'],Big Sweat,,,,,
Franmil Reyes,reyesfr01,"['La Mole', 'Franimal']",La Mole,Franimal,,,,
Jo-Jo Reyes,reyesjo03,['Jo-Jo'],Jo-Jo,,,,,
Jose Reyes,reyesjo01,['La Melaza'],La Melaza,,,,,
Pablo Reyes,reyespa01,['Tomkim'],Tomkim,,,,,
Victor Reyes,reyesvi01,['Vic'],Vic,,,,,
Allie Reynolds,reynoal01,['Superchief'],Superchief,,,,,
Bob Reynolds,reynobo01,['Bullet'],Bullet,,,,,
Bryan Reynolds,reynobr01,['B-Rey'],B-Rey,,,,,
Danny Reynolds,reynoda01,['Squirrel'],Squirrel,,,,,
Mark Reynolds,reynoma01,"['Mega-Mark', 'Sheriff of Swattingham', 'Skeletor', 'Forrest Gump']",Mega-Mark,Sheriff of Swattingham,Skeletor,Forrest Gump,,
Matt Reynolds,reynoma03,['Rey Rey'],Rey Rey,,,,,
Ross Reynolds,reynoro01,['Doc'],Doc,,,,,
Jacob Rhame,rhameja01,['Rhamrod'],Rhamrod,,,,,
Bobby Rhawn,rhawnbo01,['Rocky'],Rocky,,,,,
Flint Rhem,rhemfl01,['Shad'],Shad,,,,,
Billy Rhines,rhinebi01,['Bunker'],Bunker,,,,,
Bob Rhoads,rhoadbo01,['Dusty'],Dusty,,,,,
Charlie Rhodes,rhodech01,['Dusty'],Dusty,,,,,
Gordon Rhodes,rhodego01,['Dusty'],Dusty,,,,,
Karl Rhodes,rhodeka01,['Tuffy'],Tuffy,,,,,
Hal Rice,riceha02,['Hoot'],Hoot,,,,,
Jim Rice,riceji01,['Jim Ed'],Jim Ed,,,,,
Clayton Richard,richacl01,['Clay Clay'],Clay Clay,,,,,
Lee Richard,richale01,['Bee Bee'],Bee Bee,,,,,
Fred Richards,richafr01,['Fuzzy'],Fuzzy,,,,,
Garrett Richards,richaga01,"['Garrrrrett', 'G-Rich']",Garrrrrett,G-Rich,,,,
Trevor Richards,richatr01,['Richie'],Richie,,,,,
Hardy Richardson,richaha01,['Old True Blue'],Old True Blue,,,,,
Joey Rickard,rickajo01,['J-Rick'],J-Rick,,,,,
Joe Rickert,rickejo01,['Diamond Joe'],Diamond Joe,,,,,
Marv Rickert,rickema01,['Twitch'],Twitch,,,,,
Branch Rickey,rickebr01,['The Mahatma'],The Mahatma,,,,,
Vernon Riddick,riddive01,['Big Six'],Big Six,,,,,
Johnny Riddle,riddljo02,['Mutt'],Mutt,,,,,
JT Riddle,riddljt01,['T'],T,,,,,
Jim Riggleman,rigglji99,['Riggs'],Riggs,,,,,
Dave Righetti,righeda01,['Rags'],Rags,,,,,
Bill Rigney,rignebi01,"['Specs', 'The Cricket']",Specs,The Cricket,,,,
Topper Rigney,rigneto01,"['Topper', 'Trim']",Topper,Trim,,,,
Austin Riley,rileyau01,['Ocho'],Ocho,,,,,
Billy Riley,rileybi01,['Pigtail Billy'],Pigtail Billy,,,,,
Cal Ripken Jr.,ripkeca01,"['Iron Man', 'Rip']",Iron Man,Rip,,,,
Claude Ritchey,ritchcl01,['Little All Right'],Little All Right,,,,,
Lew Ritter,rittele01,['Old Dog'],Old Dog,,,,,
Ben Rivera,riverbe01,['Big Ben'],Big Ben,,,,,
Jim Rivera,riverji01,['Jungle Jim'],Jungle Jim,,,,,
Luis Rivera,riverlu01,['Papa'],Papa,,,,,
Mariano Rivera,riverma01,"['Mo', 'Super Mariano', 'The Sandman', 'The Hammer of God']",Mo,Super Mariano,The Sandman,The Hammer of God,,
Rene Rivera,riverre01,['Moncho'],Moncho,,,,,
T.J. Rivera,rivertj01,['T-Butta'],T-Butta,,,,,
Yadiel Rivera,riverya01,['Tiznao'],Tiznao,,,,,
Mickey Rivers,rivermi01,['Mick the Quick'],Mick the Quick,,,,,
Eppa Rixey,rixeyep01,['Jephtha'],Jephtha,,,,,
Anthony Rizzo,rizzoan01,"['Tony', 'Rizz']",Tony,Rizz,,,,
Phil Rizzuto,rizzuph01,['Scooter'],Scooter,,,,,
Joe Roa,roajo01,['The Roa Constrictor'],The Roa Constrictor,,,,,
Tanner Roark,roarkta01,['T-Ro'],T-Ro,,,,,
Luis Robert Jr.,roberlu01,['La Pantera'],La Pantera,,,,,
Dale Roberts,roberda04,['Mountain Man'],Mountain Man,,,,,
Dave Roberts,roberda07,['Doc'],Doc,,,,,
Jim Roberts,roberji01,['Big Jim'],Big Jim,,,,,
Ryan Roberts,roberry01,['TatMan'],TatMan,,,,,
Connor Robertson,roberco01,['Connor'],Connor,,,,,
Daniel Robertson,roberda09,['Sparky'],Sparky,,,,,
Daniel Robertson,roberda10,['D-Rob'],D-Rob,,,,,
Daryl Robertson,roberda02,['Sonny'],Sonny,,,,,
David Robertson,roberda08,"['Houdini', 'D-Rob']",Houdini,D-Rob,,,,
Nick Robertson,roberni01,['Big Country'],Big Country,,,,,
Bill Robinson,robinbi02,['Weaser'],Weaser,,,,,
Brooks Robinson,robinbr01,"['Human Vacuum Cleaner', 'Mr. Impossible']",Human Vacuum Cleaner,Mr. Impossible,,,,
Don Robinson,robindo01,['Caveman'],Caveman,,,,,
Drew Robinson,robindr01,['Petey'],Petey,,,,,
Frank Robinson,robinfr02,"['The Judge', 'Pencils']",The Judge,Pencils,,,,
Hank Robinson,robinha01,['Rube'],Rube,,,,,
Jack Robinson,robinja01,['Bridgeport'],Bridgeport,,,,,
Shane Robinson,robinsh01,['Suga'],Suga,,,,,
Wilbert Robinson,robinwi01,['Uncle Robbie'],Uncle Robbie,,,,,
William Robinson,robinya01,['Yank'],Yank,,,,,
Hansel Robles,robleha01,"['El Penaco', 'Caballo Blanco']",El Penaco,Caballo Blanco,,,,
Victor Robles,roblevi01,['Vic'],Vic,,,,,
Brayan Rocchio,rocchbr01,['The Professor'],The Professor,,,,,
Jack Roche,rocheja01,['Red'],Red,,,,,
Andre Rodgers,rodgean01,['Andy'],Andy,,,,,
Bill Rodgers,rodgebi01,['Rawmeat Bill'],Rawmeat Bill,,,,,
Buck Rodgers,rodgebu01,['Buck'],Buck,,,,,
Fernando Rodney,rodnefe01,"['Benjamin', 'Uiya Clara', 'La Flecha']",Benjamin,Uiya Clara,La Flecha,,,
Carlos Rodon,rodonca01,['Los'],Los,,,,,
Alex Rodriguez,rodrial01,['A-Rod'],A-Rod,,,,,
Dereck Rodriguez,rodride01,['D-Rod'],D-Rod,,,,,
Eduardo Rodriguez,rodried05,['El Gualo'],El Gualo,,,,,
Elvin Rodriguez,rodriel02,['E-5'],E-5,,,,,
Francisco Rodriguez,rodrifr03,"['K-Rod', 'Frankie']",K-Rod,Frankie,,,,
Henry Rodriguez,rodrihe02,['Oh Henry!'],Oh Henry!,,,,,
Ivan Rodriguez,rodriiv01,"['Pudge', 'I-Rod']",Pudge,I-Rod,,,,
Joely Rodriguez,rodrijo06,['La Fiera'],La Fiera,,,,,
Jose Rodriguez,rodrijo01,['El Hombre Goma'],El Hombre Goma,,,,,
Jose Rodriguez,rodrijo09,['Popeye'],Popeye,,,,,
Julio Rodriguez,rodriju01,"['J-Rod', 'Acuna', 'Juliooooo']",J-Rod,Acuna,Juliooooo,,,
Paco Rodriguez,rodrist02,['Paco'],Paco,,,,,
Richard Rodriguez,rodriri05,['Perro Flaco'],Perro Flaco,,,,,
Ronny Rodriguez,rodriro03,['El Felino'],El Felino,,,,,
Sean Rodriguez,rodrise01,"['Serpico', 'Chich', 'Chi Chi']",Serpico,Chich,Chi Chi,,,
Victor Rodriguez,rodrivi01,['Vitin'],Vitin,,,,,
Chaz Roe,roech01,['Ranch'],Ranch,,,,,
Clay Roe,roecl01,['Shad'],Shad,,,,,
Ron Roenicke,roeniro01,['Rags'],Rags,,,,,
Oscar Roettger,roettos01,['Okkie'],Okkie,,,,,
Billy Rogell,rogelbi01,['The Fire Chief'],The Fire Chief,,,,,
Buck Rogers,rogerbu01,['Lefty'],Lefty,,,,,
Jake Rogers,rogerja03,['Rog'],Rog,,,,,
Kenny Rogers,rogerke01,['The Gambler'],The Gambler,,,,,
Lee Rogers,rogerle01,"['Buck', 'Lefty']",Buck,Lefty,,,,
Packy Rogers,rogerpa01,['Packy'],Packy,,,,,
Steve Rogers,rogerst01,['Cy'],Cy,,,,,
Taylor Rogers,rogerta01,"['Mr. Rogers', 'Lefty Piece']",Mr. Rogers,Lefty Piece,,,,
Tom Rogers,rogerto01,['Shotgun'],Shotgun,,,,,
George Rohe,rohege01,['Whitey'],Whitey,,,,,
Josh Rojas,rojasjo01,['Ro'],Ro,,,,,
Miguel Rojas,rojasmi02,['Miggy Ro'],Miggy Ro,,,,,
Stan Rojek,rojekst01,['Happy Rabbit'],Happy Rabbit,,,,,
Jimmy Rollins,rolliji01,['J-Roll'],J-Roll,,,,,
Rich Rollins,rolliri01,['Red'],Red,,,,,
John Romano,romanjo01,['Honey'],Honey,,,,,
Sal Romano,romansa01,['Big Sally'],Big Sally,,,,,
Enny Romero,romeren01,['Hernandez'],Hernandez,,,,,
Ricky Romero,romerri01,['RR Cool Jay'],RR Cool Jay,,,,,
Andrew Romine,rominan01,"['Robomb', 'Romi']",Robomb,Romi,,,,
Austin Romine,rominau01,['Ro'],Ro,,,,,
Sergio Romo,romose01,['El Mechon'],El Mechon,,,,,
Vicente Romo,romovi01,['Huevo'],Huevo,,,,,
Bruce Rondon,rondobr01,['El Menor'],El Menor,,,,,
Hector Rondon,rondohe01,"['Rondi', 'Rondy']",Rondi,Rondy,,,,
Phil Roof,roofph01,"['Babe', 'The Duke of Paducah']",Babe,The Duke of Paducah,,,,
Charlie Root,rootch01,['Chinski'],Chinski,,,,,
Adam Rosales,rosalad01,['Rosie'],Rosie,,,,,
Amed Rosario,rosaram01,"['El Nino', 'Rosie']",El Nino,Rosie,,,,
Eddie Rosario,rosared01,"['Baudidou', 'Edisito']",Baudidou,Edisito,,,,
Randy Rosario,rosarra01,['Pelo Fino'],Pelo Fino,,,,,
Pete Rose,rosepe01,['Charlie Hustle'],Charlie Hustle,,,,,
John Roseboro,rosebjo01,['Gabby'],Gabby,,,,,
Al Rosen,rosenal01,['Flip'],Flip,,,,,
Simon Rosenthal,rosensi01,['Sy'],Sy,,,,,
Trevor Rosenthal,rosentr01,"['Big T', 'Rosey']",Big T,Rosey,,,,
Bunny Roser,roserbu01,['Jack'],Jack,,,,,
Cody Ross,rossco01,"['Toy Cannon', 'Ross the Boss', 'Smiles']",Toy Cannon,Ross the Boss,Smiles,,,
Ernie Ross,rosser01,['Curly'],Curly,,,,,
Joe Ross,rossjo01,['JR'],JR,,,,,
Robbie Ross,rossro01,['The Lawnmower'],The Lawnmower,,,,,
Tyson Ross,rossty01,['Freeway'],Freeway,,,,,
Zac Rosscup,rosscza01,['Cup'],Cup,,,,,
Marv Rotblatt,rotblma01,['Rotty'],Rotty,,,,,
Braggo Roth,rothbr01,['The Globetrotter'],The Globetrotter,,,,,
Phil Routcliffe,routcph01,['Chicken'],Chicken,,,,,
Harland Rowe,roweha01,['Hypie'],Hypie,,,,,
Schoolboy Rowe,rowesc01,['Schoolboy'],Schoolboy,,,,,
Chris Rowley,rowlech01,['Chipper'],Chipper,,,,,
Normie Roy,royno01,['Jumbo'],Jumbo,,,,,
Ryan Rua,ruary01,['Ryno'],Ryno,,,,,
Art Ruble,rublear01,['Speedy'],Speedy,,,,,
Drew Rucinski,rucindr01,['Rusinski'],Rusinski,,,,,
Johnny Rucker,ruckejo01,['The Crabapple Comet'],The Crabapple Comet,,,,,
Dick Rudolph,rudoldi01,['Baldy'],Baldy,,,,,
John Rudolph,rudoldu01,['Dutch'],Dutch,,,,,
Kirk Rueter,rueteki01,['Woody'],Woody,,,,,
Carlos Ruiz,ruizca01,['Chooch'],Chooch,,,,,
Jose Ruiz,ruizjo01,['El De Guacara'],El De Guacara,,,,,
Rio Ruiz,ruizri01,['Big River'],Big River,,,,,
Cameron Rupp,ruppca01,['Pavo'],Pavo,,,,,
Amos Rusie,rusieam01,['The Hoosier Thunderbolt'],The Hoosier Thunderbolt,,,,,
Chris Rusin,rusinch01,['Russ'],Russ,,,,,
Addison Russell,russead02,['Addy'],Addy,,,,,
Allen Russell,russeal01,['Rubberarm'],Rubberarm,,,,,
Bill Russell,russebi01,['Ropes'],Ropes,,,,,
Marius Russo,russoma01,['Lefty'],Lefty,,,,,
Babe Ruth,ruthba01,"['Babe', 'The Bambino', 'The Sultan Of Swat', 'Jidge', 'The Colossus of Clout', 'The King of Crash']",Babe,The Bambino,The Sultan Of Swat,Jidge,The Colossus of Clout,The King of Crash
Johnny Rutherford,ruthejo01,['Doc'],Doc,,,,,
Josh Rutledge,rutlejo01,['Rutty'],Rutty,,,,,
Adley Rutschman,rutscad01,['Clutchman'],Clutchman,,,,,
Jack Ryan,ryanja02,['Gulfport'],Gulfport,,,,,
Jimmy Ryan,ryanji01,['Pony'],Pony,,,,,
Kyle Ryan,ryanky01,['KR 91'],KR 91,,,,,
Mike Ryan,ryanmi02,['Irish'],Irish,,,,,
Nolan Ryan,ryanno01,['Ryan Express'],Ryan Express,,,,,
Gene Rye,ryege01,['Half Pint'],Half Pint,,,,,
Hyun Jin Ryu,ryuhy01,['Monster'],Monster,,,,,
Marc Rzepczynski,rzepcma01,"['Scrabble', 'Zep']",Scrabble,Zep,,,,
CC Sabathia,sabatc.01,['Dub'],Dub,,,,,
Bret Saberhagen,saberbr01,['Sabes'],Sabes,,,,,
Alex Sabo,saboal01,['Giz'],Giz,,,,,
Chris Sabo,saboch01,['Spuds'],Spuds,,,,,
Mike Sadek,sadekmi01,['Sheik'],Sheik,,,,,
Casey Sadler,sadleca02,['Sads'],Sads,,,,,
Bob Sadowski,sadowbo01,['Bo'],Bo,,,,,
Olmedo Saenz,saenzol01,['Killer Tomato'],Killer Tomato,,,,,
Harry Sage,sageha01,['Doc'],Doc,,,,,
Takashi Saito,saitota01,['Sammy'],Sammy,,,,,
Tyler Saladino,saladty01,"['Sally', 'Saly']",Sally,Saly,,,,
Fernando Salas,salasfe01,['Ferny'],Ferny,,,,,
Mark Salas,salasma01,['Chief'],Chief,,,,,
Danny Salazar,salazda01,['Sally'],Sally,,,,,
Jeff Salazar,salazje01,['Sali'],Sali,,,,,
Chris Sale,salech01,"['The Condor', 'Stickman', 'The Conductor']",The Condor,Stickman,The Conductor,,,
Solly Salisbury,salisbi01,['Solly'],Solly,,,,,
Slim Sallee,sallesl01,['Scatter'],Scatter,,,,,
Tim Salmon,salmoti01,"['Mr. Angel', 'Kingfish', ""Slammin' Salmon""]",Mr. Angel,Kingfish,Slammin' Salmon,,,
Jarrod Saltalamacchia,saltaja01,['Salty'],Salty,,,,,
Manny Salvo,salvoma01,['Gyp'],Gyp,,,,,
Jeff Samardzija,samarje01,['Shark'],Shark,,,,,
Adrian Sampson,sampsad01,['Yo Adrian'],Yo Adrian,,,,,
Juan Samuel,samueju01,['Sammy'],Sammy,,,,,
Joe Samuels,samuejo01,['Skabotch'],Skabotch,,,,,
Aaron Sanchez,sanchaa01,['Sanchize'],Sanchize,,,,,
Adrian Sanchez,sanchad01,['El Chamo'],El Chamo,,,,,
Anibal Sanchez,sanchan01,"['Sanchie', 'Alejo']",Sanchie,Alejo,,,,
Gaby Sanchez,sanchga01,['Gaby'],Gaby,,,,,
Gary Sanchez,sanchga02,"['The Kraken', 'The Sanchize']",The Kraken,The Sanchize,,,,
Yolmer Sanchez,sanchca01,['El Del Penonal'],El Del Penonal,,,,,
Ryne Sandberg,sandbry01,"['Ryno', 'Kid Natural', 'Gabby']",Ryno,Kid Natural,Gabby,,,
Deion Sanders,sandede02,"['Neon Deion', 'Prime Time']",Neon Deion,Prime Time,,,,
Ken Sanders,sandeke01,"['Daffy', 'Bulldog']",Daffy,Bulldog,,,,
Roy Sanders,sandero01,"['Butch', 'Pepe']",Butch,Pepe,,,,
Roy Sanders,sandero02,['Simon'],Simon,,,,,
Pablo Sandoval,sandopa01,"['Kung Fu Panda', 'Round Mound of Pound', 'Little Money']",Kung Fu Panda,Round Mound of Pound,Little Money,,,
Manny Sanguillen,sanguma01,['Sangy'],Sangy,,,,,
Ed Sanicki,saniced01,['Butch'],Butch,,,,,
Miguel Sano,sanomi01,"['Bocaton', 'Boqueton']",Bocaton,Boqueton,,,,
Carlos Santana,santaca01,"['Axeman', 'El Oso', 'Slamtana']",Axeman,El Oso,Slamtana,,,
Danny Santana,santada01,['Danielito'],Danielito,,,,,
Domingo Santana,santado01,"['Showmingo', 'Salomon']",Showmingo,Salomon,,,,
Edgar Santana,santaed01,['Biceps'],Biceps,,,,,
Ervin Santana,santaer01,['Magic'],Magic,,,,,
Anthony Santander,santaan02,"['Agua Blanca', 'Tony Taters']",Agua Blanca,Tony Taters,,,,
Benito Santiago,santibe01,['Benny'],Benny,,,,,
Hector Santiago,santihe01,"['Bulldoze', 'Bulldog', 'Santi']",Bulldoze,Bulldog,Santi,,,
Jose Santiago,santijo01,['Pantalones'],Pantalones,,,,,
Jose Santiago,santijo02,['Palillo'],Palillo,,,,,
Louis Santop,santolo99,['Top'],Top,,,,,
Luis Santos,santolu01,['El Nito'],El Nito,,,,,
Luis Sardinas,sardilu01,['Sardi'],Sardi,,,,,
Joe Sargent,sargejo01,['Horse Belly'],Horse Belly,,,,,
Mackey Sasser,sassema01,['the Hacker'],the Hacker,,,,,
Tom Satriano,satrito01,"['Satch', 'Mr. Everything', 'Tommy Trojan']",Satch,Mr. Everything,Tommy Trojan,,,
Ed Sauer,sauered01,['Horn'],Horn,,,,,
Hank Sauer,sauerha01,['The Honker'],The Honker,,,,,
Joe Saunders,saundjo01,['Bazooka Joe'],Bazooka Joe,,,,,
Warwick Saupold,saupowa01,['Aussie'],Aussie,,,,,
Bob Saverine,saverbo01,['Rabbit'],Rabbit,,,,,
Ralph Savidge,savidra01,['Human Ripcord'],Human Ripcord,,,,,
Carl Sawatski,sawatca01,"['Swats', 'Swisher', 'Swish']",Swats,Swisher,Swish,,,
Carl Sawyer,sawyeca01,['Huck'],Huck,,,,,
Steve Sax,saxst01,['Saxie'],Saxie,,,,,
Phil Saylor,sayloph01,['Lefty'],Lefty,,,,,
Rob Scahill,scahiro01,['Gramps'],Gramps,,,,,
George Scales,scalege01,['Tubby'],Tubby,,,,,
George Scales,scaleju01,['Junior'],Junior,,,,,
Steve Scarsone,scarsst01,['Scar'],Scar,,,,,
Germany Schaefer,schaege01,['Liberty'],Liberty,,,,,
Harry Schaeffer,schaeha01,['Lefty'],Lefty,,,,,
Harry Schafer,schafha01,['Silk Stockings'],Silk Stockings,,,,,
Ray Schalk,schalra01,['Cracker'],Cracker,,,,,
Walter Schaller,schalbi01,['Biff'],Biff,,,,,
Bill Schardt,scharbi01,['Big Bill'],Big Bill,,,,,
Art Scharein,scharar01,['Scoop'],Scoop,,,,,
George Scharein,scharge01,['Tom'],Tom,,,,,
Scott Schebler,schebsc01,['Scheb'],Scheb,,,,,
Fritz Scheeren,scheefr01,['Dutch'],Dutch,,,,,
Al Schellhase,schelal01,['Schelley'],Schelley,,,,,
Fred Schemanske,schemfr01,['Buck'],Buck,,,,,
Mike Schemer,schemmi01,['Lefty'],Lefty,,,,,
Joe Schepner,schepjo01,['Gentleman Joe'],Gentleman Joe,,,,,
Max Scherzer,scherma01,"['Mad Max', 'Blue Eye', 'Brown Eye']",Mad Max,Blue Eye,Brown Eye,,,
Curt Schilling,schilcu01,['Schill'],Schill,,,,,
Bill Schlesinger,schleru01,['Rudy'],Rudy,,,,,
Victor Schlitzer,schlibi01,['Biff'],Biff,,,,,
Norm Schlueter,schluno01,['Duke'],Duke,,,,,
George Schmees,schmege01,['Rocky'],Rocky,,,,,
Charles Schmidt,schmibu01,"['Butcher Boy', 'Butch']",Butcher Boy,Butch,,,,
Mike Schmidt,schmimi01,['Schmitty'],Schmitty,,,,,
Crazy Schmit,schmicr01,['Germany'],Germany,,,,,
Johnny Schmitz,schmijo01,['Bear Tracks'],Bear Tracks,,,,,
Charlie Schmutz,schmuch01,['King'],King,,,,,
Brian Schneider,schnebr01,['Schneids'],Schneids,,,,,
Davis Schneider,schneda03,"['Babe', 'VUK']",Babe,VUK,,,,
Red Schoendienst,schoere01,['Red'],Red,,,,,
Dick Schofield,schofdi01,['Ducky'],Ducky,,,,,
Jonathan Schoop,schoojo01,['Mamba'],Mamba,,,,,
Paul Schreiber,schrepa01,['Von'],Von,,,,,
Bill Schroeder,schrobi01,['Rock'],Rock,,,,,
Al Schroll,schroal01,['Bull'],Bull,,,,,
Rick Schu,schuri01,['Schu-man'],Schu-man,,,,,
A.J. Schugel,schugaj01,"['AJ', 'Schug']",AJ,Schug,,,,
Art Schult,schular01,['Dutch'],Dutch,,,,,
Frank Schulte,schulfr01,['Wildfire'],Wildfire,,,,,
Fred Schulte,schulfr02,['Fritz'],Fritz,,,,,
Howie Schultz,schulho01,"['Stretch', 'Steeple']",Stretch,Steeple,,,,
Jaime Schultz,schulja02,['Schultzy'],Schultzy,,,,,
Joe Schultz,schuljo03,['Germany'],Germany,,,,,
Joe Schultz,schuljo05,['Dode'],Dode,,,,,
Hal Schumacher,schumha02,['Prince Hal'],Prince Hal,,,,,
Bill Schuster,schusbi01,['Broadway Bill'],Broadway Bill,,,,,
Kyle Schwarber,schwaky01,"['Hulk', 'Schwarbs', 'Warbird', 'Schwarbie']",Hulk,Schwarbs,Warbird,Schwarbie,,
Bill Schwartz,schwabi01,"['Pop', 'Scooper Bill']",Pop,Scooper Bill,,,,
Bill Schwartz,schwabi02,['Blab'],Blab,,,,,
Al Schweitzer,schweal01,['Cheese'],Cheese,,,,,
Frank Schwindel,schwifr01,['The Tank'],The Tank,,,,,
Mike Scioscia,sciosmi01,['Sosh'],Sosh,,,,,
Lou Scoffic,scofflo01,['Weaser'],Weaser,,,,,
Jim Scoggins,scoggji01,['Lefty'],Lefty,,,,,
Everett Scott,scottev01,['Deacon'],Deacon,,,,,
George Scott,scottge02,['Boomer'],Boomer,,,,,
Jim Scott,scottji01,['Death Valley Jim'],Death Valley Jim,,,,,
Marshall Scott,scottle02,['Lefty'],Lefty,,,,,
Milt Scott,scottmi01,['Mikado Milt'],Mikado Milt,,,,,
Robby Scott,scottro02,['Bob O'],Bob O,,,,,
Rodney Scott,scottro01,['Cool Breeze'],Cool Breeze,,,,,
Tanner Scott,scottta01,['Scottie'],Scottie,,,,,
Troy Scribner,scribtr01,"['Scribs', 'Scribby']",Scribs,Scribby,,,,
Corey Seager,seageco01,['Seags'],Seags,,,,,
Kyle Seager,seageky01,"[""Corey's Brother""]",Corey's Brother,,,,,
Johnnie Seale,sealejo01,['Durango Kid'],Durango Kid,,,,,
Rudy Seanez,seaneru01,['Action Traction'],Action Traction,,,,,
Ray Searage,searara01,['Sergy'],Sergy,,,,,
Ken Sears,searske01,['Ziggy'],Ziggy,,,,,
Tom Seaver,seaveto01,"['Tom Terrific', 'The Franchise']",Tom Terrific,The Franchise,,,,
Charlie See,seech01,['Chad'],Chad,,,,,
Bob Seeds,seedsbo01,['Suitcase Bob'],Suitcase Bob,,,,,
Pat Seerey,seerepa01,"[""The People's Choice""]",The People's Choice,,,,,
Diego Segui,seguidi01,['The Ancient Mariner'],The Ancient Mariner,,,,,
Jean Segura,segurje01,"['Seggy', 'El Mambo']",Seggy,El Mambo,,,,
Kevin Seitzer,seitzke01,['Seitz'],Seitz,,,,,
George Selkirk,selkige01,['Twinkletoes'],Twinkletoes,,,,,
Dick Selma,selmadi01,['Mortimer Snerd'],Mortimer Snerd,,,,,
Sam Selman,selmasa01,['Troy'],Troy,,,,,
Steve Selsky,selskst01,['Stone Cold'],Stone Cold,,,,,
Carroll Sembera,sembeca01,['Pencil'],Pencil,,,,,
Marcus Semien,semiema01,"['Mahkus', 'Sauce', 'Simmy']",Mahkus,Sauce,Simmy,,,
Ray Semproch,semprra01,['Baby'],Baby,,,,,
Antonio Senzatela,senzaan01,['Senze'],Senze,,,,,
Nick Senzel,senzeni01,['Lil Senz'],Lil Senz,,,,,
Gary Serum,serumga01,['Truth'],Truth,,,,,
Scott Servais,servasc01,['Servy'],Servy,,,,,
Walter Sessi,sessiwa01,['Watsie'],Watsie,,,,,
Merle Settlemire,settlme01,['Lefty'],Lefty,,,,,
Luis Severino,severlu01,"['Sevy', 'Pena']",Sevy,Pena,,,,
Pedro Severino,severpe01,['Mercurio'],Mercurio,,,,,
Paul Sewald,sewalpa01,['Paulie'],Paulie,,,,,
Kevin Shackelford,shackke01,['Shack'],Shack,,,,,
Justin Shafer,shafeju01,['Shaf'],Shaf,,,,,
John Shaffer,shaffjo01,['Cannon Ball'],Cannon Ball,,,,,
Wally Shaner,shanewa01,['Skinny'],Skinny,,,,,
Howie Shanks,shankho01,['Hawk'],Hawk,,,,,
Harry Shanley,shanldo01,['Doc'],Doc,,,,,
Mike Shannon,shannmi01,['Moonman'],Moonman,,,,,
Ralph Sharman,sharmra01,['Bally'],Bally,,,,,
Joe Shaute,shautjo01,['Lefty'],Lefty,,,,,
Al Shaw,shawal01,['Shoddy'],Shoddy,,,,,
Bryan Shaw,shawbr01,['Geek'],Geek,,,,,
Jim Shaw,shawji01,['Grunting Jim'],Grunting Jim,,,,,
Travis Shaw,shawtr01,['Mayor of Ding Dong City'],Mayor of Ding Dong City,,,,,
Bob Shawkey,shawkbo01,['Sailor'],Sailor,,,,,
John Shea,sheajo01,['Lefty'],Lefty,,,,,
Nap Shea,sheana01,"['Napoleon', 'Shorty', 'Red']",Napoleon,Shorty,Red,,,
Spec Shea,sheasp01,['The Naugatuck Nugget'],The Naugatuck Nugget,,,,,
Jim Sheehan,sheehji01,['Big Jim'],Big Jim,,,,,
Timothy Sheehan,sheehbi01,['Biff'],Biff,,,,,
Earl Sheely,sheelea01,['Whitey'],Whitey,,,,,
Gary Sheffield,sheffga01,['Sheff'],Sheff,,,,,
Derek Shelton,sheltde99,['Quality'],Quality,,,,,
Bill Sherdel,sherdbi01,['Wee Willie'],Wee Willie,,,,,
James Sherfy,sherfji01,"['Wild Thing', 'Jimmy']",Wild Thing,Jimmy,,,,
Neill Sheridan,sherine01,['Wild Horse'],Wild Horse,,,,,
Ed Sherling,sherled01,['Shine'],Shine,,,,,
John Sherlock,sherlmo01,['Monk'],Monk,,,,,
Vince Sherlock,sherlvi01,['Baldy'],Baldy,,,,,
Dan Sherman,shermda01,"['Babe', 'General']",Babe,General,,,,
Ben Shields,shielbe01,"['Lefty', 'Big Ben']",Lefty,Big Ben,,,,
James Shields,shielja02,"['Jamie', 'Big Game James', 'Juego G']",Jamie,Big Game James,Juego G,,,
Garland Shifflett,shiffga01,['Duck'],Duck,,,,,
Razor Shines,shinera01,['Ray'],Ray,,,,,
Tsuyoshi Shinjo,shinjts01,['Big Boss'],Big Boss,,,,,
Tim Shinnick,shinnti01,"['Dandy', 'Good-Eye']",Dandy,Good-Eye,,,,
Bill Shipke,shipkbi01,"['Skipper Bill', 'Muskrat Bill']",Skipper Bill,Muskrat Bill,,,,
Braden Shipley,shiplbr01,['Sensy'],Sensy,,,,,
Joe Shipley,shipljo01,['Moses'],Moses,,,,,
Art Shires,shirear01,['Art The Great'],Art The Great,,,,,
Ivey Shiver,shiveiv01,['Chick'],Chick,,,,,
Matt Shoemaker,shoemma01,['Shoe'],Shoe,,,,,
Burt Shotton,shottbu01,['Barney'],Barney,,,,,
Clyde Shoun,shouncl01,['Hardrock'],Hardrock,,,,,
John Shovlin,shovljo01,['Brode'],Brode,,,,,
Chasen Shreve,shrevch01,"['Shrever', 'Sha-Reef']",Shrever,Sha-Reef,,,,
Harry Shriver,shrivha01,['Pop'],Pop,,,,,
George Shuba,shubage01,['Shotgun'],Shotgun,,,,,
Kevin Siegrist,siegrke01,['Siegs'],Siegs,,,,,
Oscar Siemer,siemeos01,['Cotton'],Cotton,,,,,
Magneuris Sierra,sierrma01,['Miyagui'],Miyagui,,,,,
Ruben Sierra,sierrru01,"['El Caballo', 'El Indio']",El Caballo,El Indio,,,,
Roy Sievers,sievero01,['Squirrel'],Squirrel,,,,,
Ed Silch,silched01,['Baldy'],Baldy,,,,,
Charlie Silvera,silvech01,['Swede'],Swede,,,,,
Ken Silvestri,silveke01,['Hawk'],Hawk,,,,,
Al Simmons,simmoal01,['Bucketfoot Al'],Bucketfoot Al,,,,,
Andrelton Simmons,simmoan01,"['Simba', 'Simon']",Simba,Simon,,,,
Ted Simmons,simmote01,['Simba'],Simba,,,,,
Alfredo Simon,simonal01,['Big Pasta'],Big Pasta,,,,,
Syl Simon,simonsy01,['Sammy'],Sammy,,,,,
Mel Simons,simonme01,['Butch'],Butch,,,,,
Harry Simpson,simpsha01,"['Suitcase', 'Goody']",Suitcase,Goody,,,,
Tom Simpson,simpsdu01,['Duke'],Duke,,,,,
Lucas Sims,simslu01,['Loosh'],Loosh,,,,,
Bill Singer,singebi01,"['Sing Sing', 'The Singer Throwing Machine', 'Bullet Bill']",Sing Sing,The Singer Throwing Machine,Bullet Bill,,,
Elmer Singleton,singlel01,['Smoky'],Smoky,,,,,
John Singleton,singljo01,['Sheriff'],Sheriff,,,,,
Chance Sisco,siscoch01,['Sisco Kid'],Sisco Kid,,,,,
George Sisler,sislege01,['Gorgeous George'],Gorgeous George,,,,,
Tyler Skaggs,skaggty01,['Swaggy'],Swaggy,,,,,
Harry Sketchley,sketcbu01,['Bud'],Bud,,,,,
Lou Skizas,skizalo01,['The Nervous Greek'],The Nervous Greek,,,,,
Eric Skoglund,skogler01,['Skogs'],Skogs,,,,,
Matt Skole,skolema01,['Baba'],Baba,,,,,
John Skopec,skopejo01,['Buckshot'],Buckshot,,,,,
Bill Skowron,skowrbi01,['Moose'],Moose,,,,,
Gordon Slade,sladego01,['Oskie'],Oskie,,,,,
Jimmy Slagle,slaglji01,"['Rabbit', 'Shorty']",Rabbit,Shorty,,,,
Dan Slania,slanida01,['Mr. Incredible'],Mr. Incredible,,,,,
Austin Slater,slateau01,['AC'],AC,,,,,
Don Slaught,slaugdo01,['Sluggo'],Sluggo,,,,,
Enos Slaughter,slaugen01,['Country'],Country,,,,,
Aaron Slegers,slegeaa01,['Slegs'],Slegs,,,,,
Bruce Sloan,sloanbr01,['Fatso'],Fatso,,,,,
Dwain Sloat,sloatle01,['Lefty'],Lefty,,,,,
Will Smalley,smallwi01,['Deacon'],Deacon,,,,,
Al Smith,smithal04,['Fuzzy'],Fuzzy,,,,,
Aleck Smith,smithal01,['Broadway Aleck'],Broadway Aleck,,,,,
Bob Smith,smithbo05,['Riverboat'],Riverboat,,,,,
Burch Smith,smithbu03,['Smitty'],Smitty,,,,,
Caleb Smith,smithca03,"['Dr. K', 'Smitty']",Dr. K,Smitty,,,,
Carson Smith,smithca02,['Smitty'],Smitty,,,,,
Charlie Smith,smithch11,['Chino'],Chino,,,,,
Chris Smith,smithch08,['Rock N Fire'],Rock N Fire,,,,,
Chris Smith,smithch10,['Smitty'],Smitty,,,,,
Dominic Smith,smithdo02,['Sloth Bear'],Sloth Bear,,,,,
Drew Smith,smithdr01,['Smitty'],Smitty,,,,,
Dwight Smith Jr.,smithdw02,['Dablack'],Dablack,,,,,
Earl Smith,smithea01,['Sheriff'],Sheriff,,,,,
Earl Smith,smithea02,['Oil'],Oil,,,,,
Ernie Smith,smither01,['Kansas City Kid'],Kansas City Kid,,,,,
Frank Smith,smithfr03,"['Piano Mover', 'Nig']",Piano Mover,Nig,,,,
George Smith,smithge02,['Columbia George'],Columbia George,,,,,
George Smith,smithhe01,['Heinie'],Heinie,,,,,
Hal Smith,smithha09,['Cura'],Cura,,,,,
Jimmy Smith,smithji01,"['Greenfield Jimmy', 'Bluejacket']",Greenfield Jimmy,Bluejacket,,,,
Joe Smith,smithjo05,"['Sidewinder', 'Smitty']",Sidewinder,Smitty,,,,
Josh A. Smith,smithjo07,['Smitty'],Smitty,,,,,
Kevan Smith,smithke04,"['Szmyoth', 'Szmydth', 'Webby', 'Smitty']",Szmyoth,Szmydth,Webby,Smitty,,
Lonnie Smith,smithlo01,['Skates'],Skates,,,,,
Mallex Smith,smithma05,"['M Effect', 'Water']",M Effect,Water,,,,
Ozzie Smith,smithoz01,['The Wizard of Oz'],The Wizard of Oz,,,,,
Ray Smith,smithra01,"['Quality', 'Qualls']",Quality,Qualls,,,,
Rufus Smith,smithru01,['Shirt'],Shirt,,,,,
Seth Smith,smithse01,['Mr. Late Night'],Mr. Late Night,,,,,
Tyler Smith,smithty01,['Smitty'],Smitty,,,,,
Will Smith,smithwi04,['Smitty'],Smitty,,,,,
Will Smith,smithwi05,"['Fresh Prince', 'Smitty']",Fresh Prince,Smitty,,,,
Justin Smoak,smoakju01,['Moakey'],Moakey,,,,,
Josh Smoker,smokejo01,['Brown Bear'],Brown Bear,,,,,
Jake Smolinski,smolija01,['Smo'],Smo,,,,,
Clyde Smoll,smollle01,['Lefty'],Lefty,,,,,
John Smoltz,smoltjo01,['Smoltzie'],Smoltzie,,,,,
Homer Smoot,smootho01,['Doc'],Doc,,,,,
Henry Smoyer,smoyehe01,['Hennie'],Hennie,,,,,
Drew Smyly,smylydr01,['Smiles'],Smiles,,,,,
Cy Sneed,sneedcy01,['Yukon Cornelius'],Yukon Cornelius,,,,,
Blake Snell,snellbl01,"['Snellzilla', 'Zilla']",Snellzilla,Zilla,,,,
Wally Snell,snellwa01,['Doc'],Doc,,,,,
Duke Snider,snidedu01,"['The Silver Fox', 'Duke of Flatbush']",The Silver Fox,Duke of Flatbush,,,,
Travis Snider,snidetr01,['Lunchbox'],Lunchbox,,,,,
Roxy Snipes,snipero01,"['Roxy', 'Rock']",Roxy,Rock,,,,
Brian Snitker,snitkbr99,['Snit'],Snit,,,,,
Fred Snodgrass,snodgfr01,['Snow'],Snow,,,,,
Colonel Snover,snoveco01,['Bosco'],Bosco,,,,,
Bill Snyder,snydebi01,['Catsup'],Catsup,,,,,
Emanuel Snyder,snydere01,['Redleg'],Redleg,,,,,
Frank Snyder,snydefr01,['Pancho'],Pancho,,,,,
Louis Sockalexis,sockach01,['Deerfoot of the Diamond'],Deerfoot of the Diamond,,,,,
Rick Sofield,sofieri01,['Hollywood'],Hollywood,,,,,
Eric Sogard,sogarer01,['Nerd Power'],Nerd Power,,,,,
Donovan Solano,solando01,['Donnie Barrels'],Donnie Barrels,,,,,
Jhonatan Solano,solanjh01,['Tatan'],Tatan,,,,,
Yangervis Solarte,solarya01,"['El Ni', 'Pituki', 'Tutu']",El Ni,Pituki,Tutu,,,
Jorge Soler,solerjo01,"['El Yoyo', 'El Crudo']",El Yoyo,El Crudo,,,,
Sammy Solis,solissa01,"['Show-Show', 'Big Angus']",Show-Show,Big Angus,,,,
Eddie Solomon,solomed01,['Buddy J'],Buddy J,,,,,
Mose Solomon,solommo01,['The Rabbi Of Swat'],The Rabbi Of Swat,,,,,
John Somerlott,somerjo01,['Jock'],Jock,,,,,
Joakim Soria,soriajo01,"['Jack', 'Junior', 'Pepe']",Jack,Junior,Pepe,,,
Rafael Soriano,soriara01,['Sori'],Sori,,,,,
Michael Soroka,sorokmi01,['Rock'],Rock,,,,,
Paul Sorrento,sorrepa01,['Pauly'],Pauly,,,,,
Sammy Sosa,sosasa01,"[""Slammin' Sammy"", ""Say it Ain't Sosa""]",Slammin' Sammy,Say it Ain't Sosa,,,,
Gregory Soto,sotogr01,['Capiro'],Capiro,,,,,
Juan Soto,sotoju01,"['La Fiera', 'Childish Bambino', 'Juanjo', 'Soto Pacheco']",La Fiera,Childish Bambino,Juanjo,Soto Pacheco,,
Bud Souchock,souchst01,['Bud'],Bud,,,,,
Steven Souza Jr.,souzast01,"['Souz', 'Souzbot']",Souz,Souzbot,,,,
Bill Sowders,sowdebi01,['Little Bill'],Little Bill,,,,,
Denard Span,spande01,"['Spanny', 'D-Span', 'Spaniard']",Spanny,D-Span,Spaniard,,,
Cory Spangenberg,spangco01,['Spangy'],Spangy,,,,,
Al Spangler,spangal01,['Spanky'],Spanky,,,,,
Glenn Sparkman,sparkgl01,['Sparky'],Sparky,,,,,
Steve Sparks,sparkst01,['Phone Book'],Phone Book,,,,,
Bob Speake,speakbo01,['Spook'],Spook,,,,,
Tris Speaker,speaktr01,['The Grey Eagle'],The Grey Eagle,,,,,
Chris Speier,speiech01,['Spy'],Spy,,,,,
Levale Speigner,speigle01,['Levale'],Levale,,,,,
Daryl Spencer,spencda01,"['Dee', 'Big Dee']",Dee,Big Dee,,,,
Jim Spencer,spencji01,['Spence'],Spence,,,,,
Paul Speraw,sperapa01,"['Polly', 'Birdie']",Polly,Birdie,,,,
George Springer,springe01,['Horhay'],Horhay,,,,,
Joe Sprinz,sprinjo01,['Mule'],Mule,,,,,
Mike Squires,squirmi01,['Spanky'],Spanky,,,,,
Locke St. John,stjohlo01,['Lefty'],Lefty,,,,,
James Stafford,staffge01,"['General', 'Jamsey']",General,Jamsey,,,,
John Stafford,staffjo01,['Doc'],Doc,,,,,
Matt Stairs,stairma01,"['Wonder Hamster', 'Newf']",Wonder Hamster,Newf,,,,
Virgil Stallcup,stallvi01,['Red'],Red,,,,,
George Staller,stallge02,['Stopper'],Stopper,,,,,
George Stallings,stallge01,['Gentleman George'],Gentleman George,,,,,
Jacob Stallings,stallja01,"['Stalls', 'The Cheetah']",Stalls,The Cheetah,,,,
Craig Stammen,stammcr01,"['Craigeroo', 'Stam', 'Trigger', 'Craiger', 'Stammer', 'Trig']",Craigeroo,Stam,Trigger,Craiger,Stammer,Trig
Al Stanek,staneal01,['Lefty'],Lefty,,,,,
Ryne Stanek,stanery01,['Stanny'],Stanny,,,,,
Lee Stange,stangle01,['Stinger'],Stinger,,,,,
Don Stanhouse,stanhdo01,"['Stan the Man Unusual', 'Full Pack']",Stan the Man Unusual,Full Pack,,,,
Andy Stankiewicz,stankan01,['Stanky'],Stanky,,,,,
Eddie Stanky,stanked01,"['The Brat', 'Muggsy', 'Stinky']",The Brat,Muggsy,Stinky,,,
Bob Stanley,stanlbo01,"['Stanley Steamer', 'Bigfoot']",Stanley Steamer,Bigfoot,,,,
Fred Stanley,stanlfr01,['Chicken'],Chicken,,,,,
Giancarlo Stanton,stantmi03,"['Bigfoot', 'Cruz', 'G', 'Parmigiancarlo']",Bigfoot,Cruz,G,Parmigiancarlo,,
Willie Stargell,stargwi01,['Pops'],Pops,,,,,
Bubba Starling,starlbu01,['Bubs'],Bubs,,,,,
Ray Starr,starrra01,['Iron Man'],Iron Man,,,,,
William Starr,starrbi01,['Chick'],Chick,,,,,
Joe Start,startjo01,"['Old Reliable', 'Rocks']",Old Reliable,Rocks,,,,
Brock Stassi,stassbr01,['Trashman'],Trashman,,,,,
Max Stassi,stassma01,['Stassinelli'],Stassinelli,,,,,
Arnold Statz,statzji01,['Jigger'],Jigger,,,,,
Rusty Staub,staubru01,['Le Grand Orange'],Le Grand Orange,,,,,
John Stearns,stearjo01,['Bad Dude'],Bad Dude,,,,,
Drew Steckenrider,steckdr01,['Steckasaurus'],Steckasaurus,,,,,
Bill Steele,steelbi01,['Big Bill'],Big Bill,,,,,
Justin Stein,steinju01,['Ott'],Ott,,,,,
Bill Stemmyer,stemmbi01,['Cannon Ball'],Cannon Ball,,,,,
Casey Stengel,stengca01,['The Old Perfessor'],The Old Perfessor,,,,,
Jackson Stephens,stephja01,['Jacko'],Jacko,,,,,
Jim Stephens,stephji01,['Little Nemo'],Little Nemo,,,,,
Vern Stephens,stephve01,"['Junior', 'Buster', 'Little Slug']",Junior,Buster,Little Slug,,,
Riggs Stephenson,stephri01,['Old Hoss'],Old Hoss,,,,,
Robert Stephenson,stephro01,['Bob'],Bob,,,,,
Walter Stephenson,stephwa01,['Tarzan'],Tarzan,,,,,
Charles Sterrett,sterrdu01,['Dutch'],Dutch,,,,,
Ed Stevens,steveed01,['Big Ed'],Big Ed,,,,,
Jim Stevens,steveji01,['Steve'],Steve,,,,,
Andrew Stevenson,stevean01,['Stevo'],Stevo,,,,,
Todd Steverson,steveto01,['Trick'],Trick,,,,,
Brock Stewart,stewabr01,['Beef Stew'],Beef Stew,,,,,
Chris Stewart,stewach01,['Stew'],Stew,,,,,
Dave Stewart,stewada01,['Smoke'],Smoke,,,,,
Frank Stewart,stewafr01,['Stewy'],Stewy,,,,,
Glen Stewart,stewagl01,['Gabby'],Gabby,,,,,
Joe Stewart,stewajo01,['Ace'],Ace,,,,,
Mark Stewart,stewama01,['Big Stick'],Big Stick,,,,,
Sammy Stewart,stewasa01,"[""The Throwin' Swannanoan""]",The Throwin' Swannanoan,,,,,
Fred Stiely,stielfr01,['Lefty'],Lefty,,,,,
Rollie Stiles,stilero01,['Lena'],Lena,,,,,
Archie Stimmel,stimmar01,['Lumbago'],Lumbago,,,,,
Bob Stinson,stinsbo01,['Scrap Iron'],Scrap Iron,,,,,
Jack Stivetts,stiveja01,['Happy Jack'],Happy Jack,,,,,
Robert Stock,stockro01,['Cretch'],Cretch,,,,,
Otis Stocksdale,stockot01,['Old Gray Fox'],Old Gray Fox,,,,,
John Stone,stonejo01,['Rocky'],Rocky,,,,,
Steve Stone,stonest01,['Stoney'],Stoney,,,,,
Drew Storen,storedr01,['Homage'],Homage,,,,,
Howie Storie,storiho01,['Sponge'],Sponge,,,,,
Trevor Story,storytr01,"['Joe', 'Trev', 'True']",Joe,Trev,True,,,
Mel Stottlemyre,stottme02,['Rooster'],Rooster,,,,,
Allyn Stout,stoutal01,['Fish Hook'],Fish Hook,,,,,
George Stovall,stovage01,['Firebrand'],Firebrand,,,,,
Jesse Stovall,stovaje01,['Scout'],Scout,,,,,
Kyle Stowers,stoweky01,['Stowers Power'],Stowers Power,,,,,
Matt Strahm,strahma01,['Strahmy'],Strahmy,,,,,
Dan Straily,straida01,"['Rojo', 'Thunder']",Rojo,Thunder,,,,
Sammy Strang,stransa01,['The Dixie Thrush'],The Dixie Thrush,,,,,
Alan Strange,stranal01,['Inky'],Inky,,,,,
Dee Strange-Gordon,gordode01,"['Varis Strange', 'Flash Gordon Jr.']",Varis Strange,Flash Gordon Jr.,,,,
Stephen Strasburg,strasst01,['Stras'],Stras,,,,,
Chris Stratton,stratch01,['Strat'],Strat,,,,,
Monty Stratton,stratmo01,['Gander'],Gander,,,,,
Joe Strauss,straujo02,"['Dutch', 'The Socker']",Dutch,The Socker,,,,
Darryl Strawberry,strawda01,"['Straw', 'The Straw Man']",Straw,The Straw Man,,,,
Gabby Street,streega01,['Old Sarge'],Old Sarge,,,,,
Huston Street,streehu01,['Larry'],Larry,,,,,
George Strickland,stricge01,['Bo'],Bo,,,,,
Hunter Strickland,strichu01,"['Strick', 'Southern Thunder']",Strick,Southern Thunder,,,,
Elmer Stricklett,stricel01,['Spitball'],Spitball,,,,,
Spencer Strider,stridsp01,"['The Silver Strider', 'Art Vandelay']",The Silver Strider,Art Vandelay,,,,
Nick Strincevich,strinni01,['Jumbo'],Jumbo,,,,,
Ross Stripling,stripro01,['Chicken Strip'],Chicken Strip,,,,,
Joe Stripp,stripjo01,['Jersey Joe'],Jersey Joe,,,,,
Brent Strom,strombr01,['Stromy'],Stromy,,,,,
Marcus Stroman,stromma01,"['Stro-Show', 'HDMH']",Stro-Show,HDMH,,,,
Floyd Stromme,stromfl01,['Rock'],Rock,,,,,
Pedro Strop,stroppe01,['Stropy'],Stropy,,,,,
Ed Stroud,stroued01,"['Streak', 'Creeper']",Streak,Creeper,,,,
Ralph Stroud,strousa01,['Sailor'],Sailor,,,,,
Amos Strunk,strunam01,['Lightning'],Lightning,,,,,
Clarence Struss,strusst01,['Steamboat'],Steamboat,,,,,
Sterling Stryker,strykdu01,['Dutch'],Dutch,,,,,
Bill Stuart,stuarbi01,['Chauncey'],Chauncey,,,,,
Dick Stuart,stuardi01,"['Stu', 'Dr. Strangeglove', 'Boston Strangler', 'Stonefingers', 'The Man With the Iron Glove']",Stu,Dr. Strangeglove,Boston Strangler,Stonefingers,The Man With the Iron Glove,
Johnny Stuart,stuarjo01,['Stud'],Stud,,,,,
Franklin Stubbs,stubbfr01,['Cadillac'],Cadillac,,,,,
Sy Studley,studlse01,['Warhorse'],Warhorse,,,,,
Paul Stuffel,stuffpa01,['Stu'],Stu,,,,,
Daniel Stumpf,stumpda01,['Donald'],Donald,,,,,
Tom Sturdivant,sturdto01,"['Smoke', 'Snake']",Smoke,Snake,,,,
George Stutz,stutzge01,"['Kid', 'Satan']",Kid,Satan,,,,
Albert Suarez,suareal01,['Chiguire'],Chiguire,,,,,
Andrew Suarez,suarean01,"['Andy', 'Eddy']",Andy,Eddy,,,,
Eugenio Suarez,suareeu01,"['Nicolle', 'Bolibomba Suarez']",Nicolle,Bolibomba Suarez,,,,
Jose Suarez,suarejo01,"['Ranciss', 'El Demente']",Ranciss,El Demente,,,,
Jesus Sucre,sucreje01,['Sooky'],Sooky,,,,,
Bill Sudakis,sudakbi01,['Suds'],Suds,,,,,
Pete Suder,suderpe01,['Pecky'],Pecky,,,,,
Willie Sudhoff,sudhowi01,['Wee Willie'],Wee Willie,,,,,
Wander Suero,suerowa01,['The Animal'],The Animal,,,,,
Clyde Sukeforth,sukefcl01,['Sukey'],Sukey,,,,,
Ernie Sulik,suliker01,['Dave'],Dave,,,,,
Dan Sullivan,sullida01,['Link'],Link,,,,,
John Sullivan,sullijo03,['Lefty'],Lefty,,,,,
John Sullivan,sullijo07,['Sully'],Sully,,,,,
Mike Sullivan,sullimi02,['Big Mike'],Big Mike,,,,,
Sleeper Sullivan,sullisl01,['Old Iron Hands'],Old Iron Hands,,,,,
Ed Summers,summeed01,"['Kickapoo Ed', 'Chief']",Kickapoo Ed,Chief,,,,
Carl Sumner,sumneca01,['Lefty'],Lefty,,,,,
Billy Sunday,sundabi01,"['Parson', 'The Evangelist']",Parson,The Evangelist,,,,
Steve Sundra,sundrst01,['Smokey'],Smokey,,,,,
Tom Sunkel,sunketo01,['Tom'],Tom,,,,,
Jeff Suppan,suppaje01,['Soup'],Soup,,,,,
George Susce,suscege01,['Good Kid'],Good Kid,,,,,
Elmer Sutcliffe,sutclsy01,['Sy'],Sy,,,,,
Rick Sutcliffe,sutclri01,['Red Baron'],Red Baron,,,,,
Brent Suter,suterbr01,['The Raptor'],The Raptor,,,,,
Harry Suter,suterha01,"['Handsome Harry', 'Rube']",Handsome Harry,Rube,,,,
Jack Sutthoff,sutthja01,['Sunny Jack'],Sunny Jack,,,,,
Don Sutton,suttodo01,"['Black & Decker', 'The Mechanic']",Black & Decker,The Mechanic,,,,
Ichiro Suzuki,suzukic01,"['Ichiro', 'Wizard', 'Ichi']",Ichiro,Wizard,Ichi,,,
Kurt Suzuki,suzukku01,['Zuk'],Zuk,,,,,
Dale Sveum,sveumda01,['Bo'],Bo,,,,,
Harry Swacina,swaciha01,['Swats'],Swats,,,,,
Dansby Swanson,swansda01,['Dans'],Dans,,,,,
Erik Swanson,swanser01,['Swanny Pops'],Swanny Pops,,,,,
Monty Swartz,swartmo01,['Dazzy'],Dazzy,,,,,
Anthony Swarzak,swarzan01,"['Swarzy', 'T-Sweezy']",Swarzy,T-Sweezy,,,,
Ed Sweeney,sweenje02,['Jeff'],Jeff,,,,,
Ad Swigler,swiglad01,['Doc'],Doc,,,,,
Blake Swihart,swihabl01,['Swi'],Swi,,,,,
Charlie Swindells,swindch01,['Swin'],Swin,,,,,
R.J. Swindle,swindrj01,['R J'],R J,,,,,
Nick Swisher,swishni01,['Swish'],Swish,,,,,
Steve Swisher,swishst01,['Swish'],Swish,,,,,
Ron Swoboda,swoboro01,['Rocky'],Rocky,,,,,
Noah Syndergaard,syndeno01,['Thor'],Thor,,,,,
Pat Tabler,tablepa01,['Mr. Clutch'],Mr. Clutch,,,,,
Jim Tabor,taborji01,['Rawhide'],Rawhide,,,,,
Jameson Taillon,taillja01,"['Jamo', 'J-Mo']",Jamo,J-Mo,,,,
Doug Taitt,taittdo01,['Poco'],Poco,,,,,
Fred Talbot,talbofr01,['Bubby'],Bubby,,,,,
Masahiro Tanaka,tanakma01,"['Masa', 'Ma-kun', 'Tanaka Time']",Masa,Ma-kun,Tanaka Time,,,
Frank Tanana,tananfr01,['Tanana Daiquiri'],Tanana Daiquiri,,,,,
Jesse Tannehill,tanneje01,"['Tanny', 'Powder']",Tanny,Powder,,,,
Raimel Tapia,tapiara01,"['Fifty', 'El Cangrejo']",Fifty,El Cangrejo,,,,
Walter Tappan,tappawa01,['Tap'],Tap,,,,,
Stephen Tarpley,tarplst01,['Tarp'],Tarp,,,,,
Edward Tate,tatepo01,"['Dimples', 'Pop']",Dimples,Pop,,,,
Lee Tate,tatele01,['Skeeter'],Skeeter,,,,,
Fernando Tatis Jr.,tatisfe02,"['El Nino', 'Bebo']",El Nino,Bebo,,,,
Mike Tauchman,tauchmi01,['Tauch'],Tauch,,,,,
Jackie Tavener,tavenja01,['Rabbit'],Rabbit,,,,,
Frank Taveras,taverfr01,['Pittsburgh Stealer'],Pittsburgh Stealer,,,,,
Aaron Taylor,tayloaa01,['Big Country'],Big Country,,,,,
Arlas Taylor,tayloar01,"['Foxy', 'Lefty']",Foxy,Lefty,,,,
Ben Taylor,taylobe99,['Old Reliable'],Old Reliable,,,,,
Billy Taylor,taylobi01,['Bollicky Bill'],Bollicky Bill,,,,,
Chris Taylor,tayloch03,['CT3'],CT3,,,,,
Ed Taylor,tayloed01,['Rube'],Rube,,,,,
Jack Taylor,tayloja01,['Brewery Jack'],Brewery Jack,,,,,
Leo Taylor,taylole01,['Chink'],Chink,,,,,
Michael A. Taylor,taylomi02,"['Mikey T', 'Miggy']",Mikey T,Miggy,,,,
Junichi Tazawa,tazawju01,['Taz'],Taz,,,,,
George Tebeau,tebeage01,['White Wings'],White Wings,,,,,
Julio Teheran,teherju01,"['JT', 'El Caballo De Olaya']",JT,El Caballo De Olaya,,,,
Mark Teixeira,teixema01,['Tex'],Tex,,,,,
Miguel Tejada,tejadmi01,"['Miggy', 'La Gua Gua']",Miggy,La Gua Gua,,,,
Kent Tekulve,tekulke01,['Teke'],Teke,,,,,
Rowdy Tellez,tellero01,['Rowdy'],Rowdy,,,,,
Garry Templeton,templga01,['Jumpsteady'],Jumpsteady,,,,,
Gene Tenace,tenacge01,['Steamboat'],Steamboat,,,,,
Ryan Tepera,teperry01,['Tep'],Tep,,,,,
Bill Terry,terrybi01,"['Memphis Bill', 'Smiling Bill']",Memphis Bill,Smiling Bill,,,,
Wayne Terwilliger,terwiwa01,['Twig'],Twig,,,,,
Al Tesch,teschal01,['Tiny'],Tiny,,,,,
Dick Tettelbach,tettedi01,['Tut'],Tut,,,,,
Mickey Tettleton,tettlmi01,['Froot Loops'],Froot Loops,,,,,
Matt Thaiss,thaisma01,['Matty'],Matty,,,,,
Eric Thames,thameer01,"['Sang Namja', 'Mr. Tee', 'Phone Home']",Sang Namja,Mr. Tee,Phone Home,,,
Marcus Thames,thamema01,['Slick'],Slick,,,,,
George Theodore,theodge01,['Stork'],Stork,,,,,
Jesen Therrien,dygesje01,['MTL-Nord'],MTL-Nord,,,,,
Bobby Thigpen,thigpbo01,['Thiggy'],Thiggy,,,,,
Blaine Thomas,thomabl01,['Baldy'],Baldy,,,,,
Claude Thomas,thomacl01,['Lefty'],Lefty,,,,,
Dan Thomas,thomada01,['Sundown Kid'],Sundown Kid,,,,,
Fay Thomas,thomafa01,['Scow'],Scow,,,,,
Frank Thomas,thomafr03,"['Big Donkey', 'The Original']",Big Donkey,The Original,,,,
Frank Thomas,thomafr04,['Big Hurt'],Big Hurt,,,,,
Fred Thomas,thomafr02,['Tommy'],Tommy,,,,,
Gorman Thomas,thomago01,"[""Stormin' Gorman""]",Stormin' Gorman,,,,,
Lane Thomas,thomala02,['Laner'],Laner,,,,,
Lee Thomas,thomale03,"['Mad Dog', 'White Fang']",Mad Dog,White Fang,,,,
Leo Thomas,thomale02,['Tommy'],Tommy,,,,,
Tom Thomas,thomato01,['Savage Tom'],Savage Tom,,,,,
Walt Thomas,thomawa01,['Tommy'],Tommy,,,,,
Bobby Thompson,thompbo01,['Bull'],Bull,,,,,
Fresco Thompson,thompfr03,['Tommy'],Tommy,,,,,
Harry Thompson,thompha01,['Lefty'],Lefty,,,,,
Lee Thompson,thomple01,['Lefty'],Lefty,,,,,
Milt Thompson,thompmi02,"['Papa Thompson', 'Uncle Milty', 'Scooter']",Papa Thompson,Uncle Milty,Scooter,,,
Rich Thompson,thompri01,['Frankenberry'],Frankenberry,,,,,
Rich Thompson,thompri03,['Chopper'],Chopper,,,,,
Sam Thompson,thompsa01,['Big Sam'],Big Sam,,,,,
Trayce Thompson,thomptr01,"[""Rocco's Uncle""]",Rocco's Uncle,,,,,
Bobby Thomson,thomsbo01,"['Flying Scot', 'The Staten Island Scot']",Flying Scot,The Staten Island Scot,,,,
Rob Thomson,thomsro99,['Topper'],Topper,,,,,
Jack Thoney,thoneja01,['Bullet Jack'],Bullet Jack,,,,,
Herb Thormahlen,thormha01,['Lefty'],Lefty,,,,,
Tyler Thornburg,thornty01,"['Thorny', 'Thorn']",Thorny,Thorn,,,,
Andre Thornton,thornan01,['Thunder'],Thunder,,,,,
Matt Thornton,thornma01,['Thorny'],Thorny,,,,,
Trent Thornton,thorntr01,['Butters'],Butters,,,,,
Marv Throneberry,thronma01,['Marvelous Marv'],Marvelous Marv,,,,,
Hollis Thurston,thurssl01,['Sloppy'],Sloppy,,,,,
Luis Tiant,tiantlu01,['El Tiante'],El Tiante,,,,,
Dick Tidrow,tidrodi01,['Dirt'],Dirt,,,,,
Mike Tiernan,tiernmi01,['Silent Mike'],Silent Mike,,,,,
Les Tietje,tietjle01,['Toots'],Toots,,,,,
Chris Tillman,tillmch01,['Tilly'],Tilly,,,,,
Johnny Tillman,tillmjo01,['Ducky'],Ducky,,,,,
Jesus Tinoco,tinocje01,['Tino'],Tino,,,,,
Dan Tipple,tipplda01,"['Rusty', 'Big Dan']",Rusty,Big Dan,,,,
Eric Tipton,tiptoer01,"['Dukie', 'Blue Devil']",Dukie,Blue Devil,,,,
John Titus,titusjo01,"['Silent John', 'Tight Pants']",Silent John,Tight Pants,,,,
Jackie Tobin,tobinjo02,['Jackie'],Jackie,,,,,
Jim Tobin,tobinji01,['Abba Dabba'],Abba Dabba,,,,,
Tip Tobin,tobinjo01,['Tip'],Tip,,,,,
Carlos Tocci,toccica01,['El Musiu'],El Musiu,,,,,
Phil Todt,todtph01,['Hook'],Hook,,,,,
Charles Tolson,tolsoch01,"['Toby', 'Slug', 'Chick']",Toby,Slug,Chick,,,
Ka'ai Tom,tomka01,"[""The Flyin' Hawaiian""]",The Flyin' Hawaiian,,,,,
Dick Tomanek,tomandi01,['Bones'],Bones,,,,,
Yasmany Tomas,tomasya01,['El Tanque'],El Tanque,,,,,
Josh Tomlin,tomlijo01,"['Scrubs', 'Little Cowboy', 'JT']",Scrubs,Little Cowboy,JT,,,
Kelby Tomlinson,tomlike01,"['Specs', 'Tommy Ball']",Specs,Tommy Ball,,,,
Phil Tomney,tomneph01,['Buster'],Buster,,,,,
Ron Tompkins,tompkro01,['Stretch'],Stretch,,,,,
George Toporcer,toporsp01,['Specs'],Specs,,,,,
Earl Torgeson,torgeea01,['The Earl Of Snohomish'],The Earl Of Snohomish,,,,,
Luis Torrens,torrelu01,['Churro'],Churro,,,,,
Alex Torres,torreal01,['Dark Helmet'],Dark Helmet,,,,,
Andres Torres,torrean02,['Yungo'],Yungo,,,,,
Carlos Torres,torreca01,['El Carnicero'],El Carnicero,,,,,
Gleyber Torres,torregl01,"['GT', 'De Caracas']",GT,De Caracas,,,,
Jose Torres,torrejo02,['Torry'],Torry,,,,,
Ronald Torreyes,torrero01,['Toe'],Toe,,,,,
Cristobal Torriente,torricr99,['Carlos'],Carlos,,,,,
Cesar Tovar,tovarce01,['Pepito'],Pepito,,,,,
Wilfredo Tovar,tovarwi01,['Wilfri'],Wilfri,,,,,
George Townsend,townsge01,['Sleepy'],Sleepy,,,,,
Ira Townsend,townsir01,['Pat'],Pat,,,,,
Leo Townsend,townsle01,['Lefty'],Lefty,,,,,
Dick Tracewski,tracedi01,['Trixie'],Trixie,,,,,
Allan Travers,traveal01,['Joe'],Joe,,,,,
Devon Travis,travide01,"['Mailes', 'The Baby', 'D-Trav']",Mailes,The Baby,D-Trav,,,
Sam Travis,travisa01,"['Doctor Chill', 'Captain Caveman']",Doctor Chill,Captain Caveman,,,,
Blake Treinen,treinbl01,"['B-Lockay', 'Train']",B-Lockay,Train,,,,
Bill Tremel,tremebi01,['Mumbles'],Mumbles,,,,,
Jose Trevino,trevijo01,['Trevi'],Trevi,,,,,
Gus Triandos,triangu01,"['Tremendous Triandos', 'Golden Greek']",Tremendous Triandos,Golden Greek,,,,
Andrew Triggs,triggan01,['Triggonometry'],Triggonometry,,,,,
Lou Trivino,trivilo01,['Sweet Lou'],Sweet Lou,,,,,
Nick Tropeano,tropeni01,['Nitro'],Nitro,,,,,
Hal Trosky,troskha02,"['Hal', 'Hoot']",Hal,Hoot,,,,
Mike Trout,troutmi01,"['Millville Meteor', 'Kiiiiid']",Millville Meteor,Kiiiiid,,,,
Steve Trout,troutst01,['Rainbow'],Rainbow,,,,,
Harry Truby,trubyha01,['Bird Eye'],Bird Eye,,,,,
Virgil Trucks,truckvi01,['Fire'],Fire,,,,,
Mark Trumbo,trumbma01,['Trum'],Trum,,,,,
Jen-Ho Tseng,tsengje01,['Catfish'],Catfish,,,,,
Eddie Tucker,tuckeed01,['Scooter'],Scooter,,,,,
Kyle Tucker,tuckeky01,['King Tuck'],King Tuck,,,,,
Preston Tucker,tuckepr01,"['Bamm-Bamm', 'Tuck']",Bamm-Bamm,Tuck,,,,
Thurman Tucker,tucketh01,['Joe E.'],Joe E.,,,,,
Tommy Tucker,tucketo01,['Foghorn'],Foghorn,,,,,
Tom Tuckey,tucketo02,['Tabasco Tom'],Tabasco Tom,,,,,
Sam Tuivailala,tuivasa01,['Tui'],Tui,,,,,
Troy Tulowitzki,tulowtr01,['Tulo'],Tulo,,,,,
Lee Tunnell,tunnele01,['Easy'],Easy,,,,,
Eddie Turchin,turched01,['Smiley'],Smiley,,,,,
Lucas Turk,turklu01,"['Harlem', 'Chief']",Harlem,Chief,,,,
Bob Turley,turlebo01,['Bullet Bob'],Bullet Bob,,,,,
Spencer Turnbull,turnbsp01,['Orange Bull'],Orange Bull,,,,,
Jacob Turner,turneja01,['Jet'],Jet,,,,,
Jim Turner,turneji01,"['Colonel', 'Milkman Jim']",Colonel,Milkman Jim,,,,
Justin Turner,turneju01,['RedTurn2'],RedTurn2,,,,,
Stuart Turner,turnest01,['Stu'],Stu,,,,,
Terry Turner,turnete01,['Cotton Top'],Cotton Top,,,,,
Trea Turner,turnetr01,"['Triple T', 'Triple Trea', 'T3']",Triple T,Triple Trea,T3,,,
Guy Tutwiler,tutwigu01,['King Tut'],King Tut,,,,,
Art Twineham,twinear01,['Old Hoss'],Old Hoss,,,,,
Twink Twining,twinitw01,['Doc'],Doc,,,,,
George Twombly,twombge01,['Silent George'],Silent George,,,,,
Fred Tyler,tylerfr01,['Clancy'],Clancy,,,,,
Johnnie Tyler,tylerjo01,"['Ty Ty', 'Katz']",Ty Ty,Katz,,,,
Earl Tyree,tyreeea01,['Ty'],Ty,,,,,
Cecil Tyson,tysontu01,"['Slim', 'Turkey']",Slim,Turkey,,,,
Mike Tyson,tysonmi01,['Rocky'],Rocky,,,,,
Bob Uecker,ueckebo01,['Mr. Baseball'],Mr. Baseball,,,,,
Bob Uhl,uhlbo01,['Lefty'],Lefty,,,,,
George Uhle,uhlege01,['The Bull'],The Bull,,,,,
Mike Ulicny,ulisnmi01,['Slugs'],Slugs,,,,,
Scott Ullger,ullgesc01,['Smooth'],Smooth,,,,,
Frank Ulrich,ulricdu01,['Dutch'],Dutch,,,,,
Justin Upton,uptonju01,['J-Up'],J-Up,,,,,
Tom Upton,uptonto01,['Muscles'],Muscles,,,,,
Ugueth Urbina,urbinug01,['Oogie'],Oogie,,,,,
Jose Urena,urenajo01,['El Nueve'],El Nueve,,,,,
Richard Urena,urenari01,['Richi'],Richi,,,,,
Julio Urias,uriasju01,['El Culichi'],El Culichi,,,,,
Luis Urias,uriaslu01,['Wicho'],Wicho,,,,,
Lon Ury,urylo01,['Old Sleep'],Old Sleep,,,,,
Chase Utley,utleych01,"['The Man', 'Silver Fox']",The Man,Silver Fox,,,,
Ernest Vache,vachete01,['Tex'],Tex,,,,,
Harry Vahrenhorst,vahreha01,['Van'],Van,,,,,
Bob Vail,vailbo01,['Doc'],Doc,,,,,
Pat Valaika,valaipa01,['Barrels'],Barrels,,,,,
Luis Valbuena,valbulu01,['Mono'],Mono,,,,,
Cesar Valdez,valdece01,['La Cabra'],La Cabra,,,,,
Danny Valencia,valenda01,['Slugger'],Slugger,,,,,
Fred Valentine,valenfr01,['Squeaky'],Squeaky,,,,,
Benny Valenzuela,valenbe01,['Papelero'],Papelero,,,,,
Fernando Valenzuela,valenfe01,['El Toro'],El Toro,,,,,
Breyvic Valera,valerbr01,['BV'],BV,,,,,
Jose Valverde,valvejo01,['Papa Grande'],Papa Grande,,,,,
Clay Van Alstyne,vanalcl01,['Spike'],Spike,,,,,
Russ Van Atta,vanatru01,['Sheriff'],Sheriff,,,,,
Ty Van Burkleo,vanbuty01,['Van Squatch'],Van Squatch,,,,,
George Van Haltren,vanhage01,['Rip'],Rip,,,,,
Maurice Van Robays,vanroma01,['Bomber'],Bomber,,,,,
Andy Van Slyke,vanslan01,['Slick'],Slick,,,,,
Dick Van Zant,vanzadi01,['Foghorn Dick'],Foghorn Dick,,,,,
Joe Vance,vancejo01,['Sandy'],Sandy,,,,,
Johnny Vander Meer,vandejo01,"['The Dutch Master', 'Double No-Hit']",The Dutch Master,Double No-Hit,,,,
Josh VanMeter,vanmejo01,['Meat Sauce'],Meat Sauce,,,,,
Jason Vargas,vargaja01,['Vargy'],Vargy,,,,,
Kennys Vargas,vargake01,['Little Papi'],Little Papi,,,,,
Jason Varitek,varitja01,['Tek'],Tek,,,,,
Glenn Vaughan,vaughgl01,['Sparky'],Sparky,,,,,
Porter Vaughan,vaughpo01,['Lefty'],Lefty,,,,,
Fred Vaughn,vaughfr01,['Muscles'],Muscles,,,,,
Mo Vaughn,vaughmo01,['Hit Dog'],Hit Dog,,,,,
Christian Vazquez,vazquch01,"['Mini Yadi', 'Colo']",Mini Yadi,Colo,,,,
Felipe Vazquez,riverfe01,['Nightmare'],Nightmare,,,,,
Javier Vazquez,vazquja01,['Silent Assassin'],Silent Assassin,,,,,
Coot Veal,vealco01,['Coot'],Coot,,,,,
Vince Velasquez,velasvi01,"['Vincente', 'V2']",Vincente,V2,,,,
Hector Velazquez,velazhe01,['Cabezon'],Cabezon,,,,,
Otto Velez,velezot01,['Otto the Swatto'],Otto the Swatto,,,,,
Pat Venditte,vendipa01,['P-Vitty'],P-Vitty,,,,,
Jonny Venters,ventejo01,['JV'],JV,,,,,
Yordano Ventura,ventuyo01,['Ace'],Ace,,,,,
Emil Verban,verbaem01,"['Dutch', 'Antelope']",Dutch,Antelope,,,,
Gene Verble,verblge01,['Satchel'],Satchel,,,,,
Al Verdel,verdeal01,['Stumpy'],Stumpy,,,,,
Alex Verdugo,verdual01,['Dugie'],Dugie,,,,,
Drew VerHagen,verhadr01,"['Vergy', 'Dutch']",Vergy,Dutch,,,,
Justin Verlander,verlaju01,['JV'],JV,,,,,
Logan Verrett,verrelo01,['Logo'],Logo,,,,,
Zoilo Versalles,versazo01,['Zorro'],Zorro,,,,,
Dayan Viciedo,vicieda01,['The Tank'],The Tank,,,,,
Tom Vickery,vicketo01,['Vinegar Tom'],Vinegar Tom,,,,,
Sam Vico,vicoge01,['Sam'],Sam,,,,,
Shane Victorino,victosh01,"[""Flyin' Hawaiian""]",Flyin' Hawaiian,,,,,
Jose Vidal,vidaljo01,['Papito'],Papito,,,,,
Thyago Vieira,vieirth01,['Negs'],Negs,,,,,
Matt Vierling,vierlma01,['Sherman'],Sherman,,,,,
Christian Villanueva,villach01,['Villa'],Villa,,,,,
Jonathan Villar,villajo01,"['Villi', 'Gaby']",Villi,Gaby,,,,
Meibrys Viloria,vilorme01,['El Fresco'],El Fresco,,,,,
Nick Vincent,vinceni01,['Hubba Hubba'],Hubba Hubba,,,,,
Charlie Vinson,vinsoch01,['Chuck'],Chuck,,,,,
Frank Viola,violafr01,['Sweet Music'],Sweet Music,,,,,
Jake Virtue,virtuja01,['Guesses'],Guesses,,,,,
Omar Vizquel,vizquom01,"['Little O', 'Kike']",Little O,Kike,,,,
Daniel Vogelbach,vogelda01,"['Vogey', 'The Babe']",Vogey,The Babe,,,,
Ryan Vogelsong,vogelry01,['Vogey'],Vogey,,,,,
Stephen Vogt,vogtst01,['I Believe'],I Believe,,,,,
Ollie Voigt,voigtol01,['Ode'],Ode,,,,,
Bill Voiselle,voisebi01,"['Ninety-Six', 'Big Bill']",Ninety-Six,Big Bill,,,,
Luke Voit,voitlu01,"['Louis', 'Louie V']",Louis,Louie V,,,,
Clyde Vollmer,vollmcl01,['Dutch the Clutch'],Dutch the Clutch,,,,,
Edinson Volquez,volqued01,['Steady Eddie'],Steady Eddie,,,,,
Jake Volz,volzja01,['Silent Jake'],Silent Jake,,,,,
Joey Votto,vottojo01,"['Votto-matic', 'Tokki 2', 'JoVo', 'In Flanders Fields', 'Who']",Votto-matic,Tokki 2,JoVo,In Flanders Fields,Who,
John Vukovich,vukovjo01,['Vuke'],Vuke,,,,,
Michael Wacha,wachami01,"['Wach', 'Wachamole']",Wach,Wachamole,,,,
Rube Waddell,wadderu01,['Rube'],Rube,,,,,
Jake Wade,wadeja01,['Whistling Jake'],Whistling Jake,,,,,
LaMonte Wade Jr.,wadela01,['Late Night'],Late Night,,,,,
Tyler Wade,wadety01,['T-Wade'],T-Wade,,,,,
Billy Wagner,wagnebi02,['Billy the Kid'],Billy the Kid,,,,,
Charlie Wagner,wagnech01,['Broadway'],Broadway,,,,,
Honus Wagner,wagneho01,['The Flying Dutchman'],The Flying Dutchman,,,,,
Leon Wagner,wagnele01,['Daddy Wags'],Daddy Wags,,,,,
Bobby Wahl,wahlbo01,['Peanut'],Peanut,,,,,
Adam Wainwright,wainwad01,"['Waino', 'Uncle Charlie']",Waino,Uncle Charlie,,,,
Don Wakamatsu,wakamdo01,['Wak'],Wak,,,,,
Ed Walczak,walczed01,['Husky'],Husky,,,,,
Marcus Walden,waldema01,['Waldo'],Waldo,,,,,
Kyle Waldrop,waldrky02,['K-Dub'],K-Dub,,,,,
Christian Walker,walkech02,['C. Walk'],C. Walk,,,,,
Dixie Walker,walkedi02,"[""The People's Cherce""]",The People's Cherce,,,,,
Harry Walker,walkeha01,['Harry The Hat'],Harry The Hat,,,,,
Larry Walker,walkela01,['Booger'],Booger,,,,,
Marty Walker,walkema01,['Buddy'],Buddy,,,,,
Neil Walker,walkene01,['Walkie'],Walkie,,,,,
Pete Walker,walkepe01,['Big Cheefy'],Big Cheefy,,,,,
Roy Walker,walkero01,['Dixie'],Dixie,,,,,
Taijuan Walker,walketa01,['Tai-Weezy'],Tai-Weezy,,,,,
Joe Wall,walljo01,['Gummy'],Gummy,,,,,
Doc Wallace,wallado01,['Jesse'],Jesse,,,,,
Huck Wallace,wallahu01,['Lefty'],Lefty,,,,,
Tim Wallach,wallati01,['Wally'],Wally,,,,,
Ed Walsh,walshed01,['Big Ed'],Big Ed,,,,,
Jared Walsh,walshja01,['Walshy'],Walshy,,,,,
Jimmy Walsh,walshji01,['Runt'],Runt,,,,,
Joe Walsh,walshjo01,['Reddy'],Reddy,,,,,
Joe Walsh,walshjo04,['Tweet'],Tweet,,,,,
Fred Walters,waltefr01,['Whale'],Whale,,,,,
Danny Walton,waltoda01,['Mickey'],Mickey,,,,,
Bill Wambsganss,wambsbi01,['Wamby'],Wamby,,,,,
Lloyd Waner,wanerll01,['Little Poison'],Little Poison,,,,,
Paul Waner,wanerpa01,['Big Poison'],Big Poison,,,,,
Jack Wanner,wanneja01,['Johnny'],Johnny,,,,,
Paul Wanninger,wannipe01,['Wanninger'],Wanninger,,,,,
Joe Ward,wardjo04,['Happy of Manayunk'],Happy of Manayunk,,,,,
John Ward,wardjo01,['Monte'],Monte,,,,,
Turner Ward,wardtu01,['Country'],Country,,,,,
Jon Warden,wardejo01,['Warbler'],Warbler,,,,,
Clyde Wares,waresbu01,['Buzzy'],Buzzy,,,,,
Jack Warhop,warhoja01,"['Chief', 'Crab']",Chief,Crab,,,,
Lon Warneke,warnelo01,['The Arkansas Hummingbird'],The Arkansas Hummingbird,,,,,
Jack Warner,warnejo01,['Jack'],Jack,,,,,
Adam Warren,warread01,"['Rocket', 'The Warden']",Rocket,The Warden,,,,
Bill Warren,warrebi01,['Hack'],Hack,,,,,
Dan Warthen,warthda01,['Dano'],Dano,,,,,
John Wasdin,wasdijo01,['Way Back'],Way Back,,,,,
David Washington,washida01,['D-Wash'],D-Wash,,,,,
George Washington,washige01,['Vern'],Vern,,,,,
Herb Washington,washihe01,['Hurricane Herb'],Hurricane Herb,,,,,
Rico Washington,washiri01,['Rico'],Rico,,,,,
Ron Washington,washiro01,['Sweeet'],Sweeet,,,,,
John Wathan,wathajo01,['Duke'],Duke,,,,,
Art Watson,watsoar01,['Watty'],Watty,,,,,
Bob Watson,watsobo01,['Bull'],Bull,,,,,
Milt Watson,watsomi01,['Mule'],Mule,,,,,
Tony Watson,watsoto01,"['Watty', 'Tone Ranger']",Watty,Tone Ranger,,,,
Walter Watson,watsomo01,['Mother'],Mother,,,,,
Frank Watt,wattfr01,['Kilowatt'],Kilowatt,,,,,
Johnny Watwood,watwojo01,['Lefty'],Lefty,,,,,
Ken Weafer,weafeke01,['Al'],Al,,,,,
Roy Weatherly,weathro01,['Stormy'],Stormy,,,,,
Art Weaver,weavear01,"[""Six O'Clock""]",Six O'Clock,,,,,
Farmer Weaver,weavefa01,['Buck'],Buck,,,,,
Jered Weaver,weaveje02,"['Three-Six', 'Dreamweaver']",Three-Six,Dreamweaver,,,,
Jim Weaver,weaveji01,['Big Jim'],Big Jim,,,,,
Jim Weaver,weaveji02,['Fluff'],Fluff,,,,,
Luke Weaver,weavelu01,['Dream'],Dream,,,,,
Monte Weaver,weavemo01,['Prof'],Prof,,,,,
Cleon Webb,webble01,['Lefty'],Lefty,,,,,
Tyler Webb,webbty01,['Webby'],Webby,,,,,
Charlie Weber,weberch01,['Count'],Count,,,,,
Ryan Weber,weberry01,['Web'],Web,,,,,
George Weidman,wiedmst01,['Stump'],Stump,,,,,
Ralph Weigel,weigera01,['Wig'],Wig,,,,,
Dick Weik,weikdi01,['Legs'],Legs,,,,,
Bob Weiland,weilabo01,['Lefty'],Lefty,,,,,
Carl Weilman,weilmca01,['Zeke'],Zeke,,,,,
Jake Weimer,weimeja01,['Tornado Jake'],Tornado Jake,,,,,
Elmer Weingartner,weingel01,['Dutch'],Dutch,,,,,
Phil Weintraub,weintph01,['Mickey'],Mickey,,,,,
Bill Weir,weirro01,['Bill'],Bill,,,,,
Frank Welch,welchfr01,['Bugger'],Bugger,,,,,
Herb Welch,welchhe01,['Dutch'],Dutch,,,,,
Mickey Welch,welchmi01,['Smiling Mickey'],Smiling Mickey,,,,,
Harry Welchonce,welchha01,['Welch'],Welch,,,,,
David Wells,wellsda01,['Boomer'],Boomer,,,,,
Ed Wells,wellsed01,['Satchelfoot'],Satchelfoot,,,,,
Greg Wells,wellsgr01,['Boomer'],Boomer,,,,,
Willie Wells,wellswi99,['The Devil'],The Devil,,,,,
Joey Wendle,wendljo01,"['Mendle', 'Big Bopper']",Mendle,Big Bopper,,,,
Charles Wensloff,wenslbu01,['Butch'],Butch,,,,,
Fred Wenz,wenzfr01,['Fireball'],Fireball,,,,,
Perry Werden,werdepe01,['Moose'],Moose,,,,,
Johnny Werhas,werhajo01,['Peaches'],Peaches,,,,,
Bill Werle,werlebi01,['Bugs'],Bugs,,,,,
Don Wert,wertdo01,['Coyote'],Coyote,,,,,
Jayson Werth,werthja01,"['Werewolf', 'The Wolf of First Street', 'Sunshine', 'J-Dub', 'Dub']",Werewolf,The Wolf of First Street,Sunshine,J-Dub,Dub,
David West,westda01,"['Westy', 'Big Bird']",Westy,Big Bird,,,,
Weldon West,westle01,['Lefty'],Lefty,,,,,
Gus Weyhing,weyhigu01,"['Cannonball', 'Rubber Arm Gun', 'Rubber-Winged Gus']",Cannonball,Rubber Arm Gun,Rubber-Winged Gus,,,
Zack Wheat,wheatza01,['Buck'],Buck,,,,,
Don Wheeler,wheeldo01,['Scott'],Scott,,,,,
George Wheeler,wheelge02,['Heavy'],Heavy,,,,,
Zack Wheeler,wheelza01,['Wheels'],Wheels,,,,,
Lou Whitaker,whitalo01,['Sweet Lou'],Sweet Lou,,,,,
Barney White,whiteba01,['Bear'],Bear,,,,,
Devon White,whitede03,['Devo'],Devo,,,,,
Elder White,whiteel02,['Whitey'],Whitey,,,,,
Frank White,whitefr01,"['Smooth', 'Hoover']",Smooth,Hoover,,,,
Kirby White,whiteki01,"['Red', 'Buck']",Red,Buck,,,,
Tyler White,whitety01,['Whitey'],Whitey,,,,,
Will White,whitewi01,['Whoop-La'],Whoop-La,,,,,
Burgess Whitehead,whitebu01,['Whitey'],Whitey,,,,,
John Whitehead,whitejo02,['Silent John'],Silent John,,,,,
Charlie Whitehouse,whitech01,['Lefty'],Lefty,,,,,
George Whiteman,whitege01,['Lucky'],Lucky,,,,,
Mark Whiten,whitema01,"[""Hard Hittin'""]",Hard Hittin',,,,,
Eli Whiteside,whiteel03,['Whitey'],Whitey,,,,,
Chase Whitley,whitlch01,['Big Fella'],Big Fella,,,,,
Frank Whitman,whitmfr01,['Hooker'],Hooker,,,,,
Frank Whitney,whitnfr01,['Jumbo'],Jumbo,,,,,
Jim Whitney,whitnji01,['Grasshopper Jim'],Grasshopper Jim,,,,,
Walt Whittaker,whittwa01,['Doc'],Doc,,,,,
George Whitted,whittpo01,['Possom'],Possom,,,,,
Rowan Wick,wickro01,['Row'],Row,,,,,
Charlie Wiedemeyer,wiedech01,['Chick'],Chick,,,,,
Matt Wieters,wietema01,"['Wiety', 'Maui']",Wiety,Maui,,,,
Ty Wigginton,wiggity01,['Wiggy'],Wiggy,,,,,
Jimmy Wiggs,wiggsji01,['Big Jim'],Big Jim,,,,,
Bill Wight,wightbi01,['Lefty'],Lefty,,,,,
Del Wilber,wilbede01,['Babe'],Babe,,,,,
Hoyt Wilhelm,wilheho01,['Old Sarge'],Old Sarge,,,,,
Irvin Wilhelm,wilheka01,['Kaiser'],Kaiser,,,,,
Tom Wilhelmsen,wilheto01,['The Bartender'],The Bartender,,,,,
Aaron Wilkerson,wilkeaa01,['Wilky'],Wilky,,,,,
Stevie Wilkerson,wilkest01,['Breeze'],Breeze,,,,,
Aldon Wilkie,wilkile01,['Lefty'],Lefty,,,,,
Ted Wilks,wilkste01,['Cork'],Cork,,,,,
Bob Will,willbo01,['Butch'],Butch,,,,,
Alva Williams,williri01,"['Buff', 'Rip']",Buff,Rip,,,,
Billy Williams,willibi01,"[""Sweet Swingin' Billy from Whistler""]",Sweet Swingin' Billy from Whistler,,,,,
Devin Williams,willide03,['Dave'],Dave,,,,,
Dewey Williams,willide02,['Dee'],Dee,,,,,
Don Williams,willido02,['Dino'],Dino,,,,,
Earl Williams,williea02,['Big Money'],Big Money,,,,,
Fred Williams,willipa01,['Papa'],Papa,,,,,
Gerald Williams,willige02,['Ice'],Ice,,,,,
Gus Williams,willigu02,['Gloomy Gus'],Gloomy Gus,,,,,
Joe Williams,willijo99,"['Smokey Joe', 'Cyclone']",Smokey Joe,Cyclone,,,,
Johnnie Williams,willijo02,['Honolulu Johnny'],Honolulu Johnny,,,,,
Luke Williams,willilu01,['Captain America'],Captain America,,,,,
Mark Williams,willima02,['Cadillac'],Cadillac,,,,,
Marsh Williams,willima01,['Cap'],Cap,,,,,
Mason Williams,willima10,"['No Neck', 'Mase']",No Neck,Mase,,,,
Matt Williams,willima04,"['Carson Crusher', 'Matt the Bat', 'Big Marine']",Carson Crusher,Matt the Bat,Big Marine,,,
Mitch Williams,willimi02,"['Wild Thing', 'Mitchie-Poo', 'Dumb Dumb']",Wild Thing,Mitchie-Poo,Dumb Dumb,,,
Nick Williams,willini01,['Nicky Dubs'],Nicky Dubs,,,,,
Rick Williams,williri03,['Tricky'],Tricky,,,,,
Stan Williams,willist02,"['Big Daddy', 'Big Hurt']",Big Daddy,Big Hurt,,,,
Taylor Williams,willita01,['T-Willy'],T-Willy,,,,,
Ted Williams,willite01,"['The Kid', 'Teddy Ballgame', 'Splendid Splinter', 'Thumper']",The Kid,Teddy Ballgame,Splendid Splinter,Thumper,,
Trevor Williams,willitr01,"['Ev', 'Project']",Ev,Project,,,,
Walt Williams,williwa02,['No Neck'],No Neck,,,,,
Mac Williamson,willima11,['Mac'],Mac,,,,,
Carl Willis,willica01,['Big Train'],Big Train,,,,,
Dontrelle Willis,willido03,['D-Train'],D-Train,,,,,
Les Willis,willile04,"['Wimpy', 'Lefty']",Wimpy,Lefty,,,,
Claude Willoughby,willocl01,"['Flunky', 'Weeping Willie']",Flunky,Weeping Willie,,,,
Frank Willson,willski01,['Kid'],Kid,,,,,
Vernon Wilshere,wilshwh01,['Whitey'],Whitey,,,,,
Alex Wilson,wilsoal01,"['Dale', 'Willy']",Dale,Willy,,,,
Art Wilson,wilsoar01,['Dutch'],Dutch,,,,,
Bill Wilson,wilsobi01,['Baseball'],Baseball,,,,,
Bobby Wilson,wilsobo02,['Beedub'],Beedub,,,,,
Brian Wilson,wilsobr01,['The Beard'],The Beard,,,,,
Charlie Wilson,wilsoch02,['Swamp Baby'],Swamp Baby,,,,,
Dan Wilson,wilsoda01,['Willie'],Willie,,,,,
Frank Wilson,wilsofr01,['Squash'],Squash,,,,,
George Wilson,wilsoge01,['Teddy'],Teddy,,,,,
Howard Wilson,wilsohi01,['Highball'],Highball,,,,,
Jack Wilson,wilsoja01,['Black Jack'],Black Jack,,,,,
Jimmie Wilson,wilsoji01,['Ace'],Ace,,,,,
Jud Wilson,wilsoju99,['Boojum'],Boojum,,,,,
Justin Wilson,wilsoju10,"['Brennan', 'J Willy']",Brennan,J Willy,,,,
Les Wilson,wilsole01,['Tug'],Tug,,,,,
Mutt Wilson,wilsomu01,"['Mutt', 'Lank']",Mutt,Lank,,,,
Roy Wilson,wilsoro01,['Lefty'],Lefty,,,,,
Tom Wilson,wilsoto01,['Slats'],Slats,,,,,
Tyler Wilson,wilsoty01,['Willy'],Willy,,,,,
Hal Wiltse,wiltsha01,['Whitey'],Whitey,,,,,
Lewis Wiltse,wiltssn01,['Snake'],Snake,,,,,
Ed Wineapple,wineaed01,['Lefty'],Lefty,,,,,
Dave Winfield,winfida01,['Winny'],Winny,,,,,
Jim Winford,winfoji01,['Cowboy'],Cowboy,,,,,
Ernie Wingard,wingaer01,['Jim'],Jim,,,,,
Trey Wingenter,wingetr01,['Terry'],Terry,,,,,
Al Wingo,wingoal01,['Red'],Red,,,,,
Lave Winham,winhala01,['Lefty'],Lefty,,,,,
Jesse Winker,winkeje01,"['Wink', 'Da Wink', 'Bird']",Wink,Da Wink,Bird,,,
Dan Winkler,winklda01,['Wink'],Wink,,,,,
George Winn,winnge01,"['Breezy', 'Lefty']",Breezy,Lefty,,,,
Masyn Winn,winnma01,"['Blaze', 'Energizer Bunny']",Blaze,Energizer Bunny,,,,
Tom Winsett,winseto01,['Long Tom'],Long Tom,,,,,
George Winter,wintege01,['Sassafrass'],Sassafrass,,,,,
Jesse Winters,winteje01,"['Buck', 'T-Bone']",Buck,T-Bone,,,,
Matt Wise,wisema01,['Woody'],Woody,,,,,
Sam Wise,wisesa01,['Modoc'],Modoc,,,,,
Matt Wisler,wislema01,['Wis'],Wis,,,,,
Frank Withrow,withrfr01,['Kid'],Kid,,,,,
Red Witt,wittge01,['Red'],Red,,,,,
Nick Wittgren,wittgni01,"['Toothy', 'Witty']",Toothy,Witty,,,,
Johnnie Wittig,wittijo01,['Hans'],Hans,,,,,
Asher Wojciechowski,wojcias01,['Wojo'],Wojo,,,,,
Chicken Wolf,wolfji01,['Chicken'],Chicken,,,,,
Randy Wolf,wolfra02,['Wolfie'],Wolfie,,,,,
Ray Wolf,wolfra01,['Grandpa'],Grandpa,,,,,
Walter Wolf,wolfle01,['Lefty'],Lefty,,,,,
Harry Wolfe,wolfeha01,['Whitey'],Whitey,,,,,
Mellie Wolfgang,wolfgme01,['Red'],Red,,,,,
Tony Wolters,wolteto01,['T-Dub'],T-Dub,,,,,
Harry Wolverton,wolveha01,['Fighting Harry'],Fighting Harry,,,,,
Sid Womack,womacsi01,['Tex'],Tex,,,,,
Kolten Wong,wongko01,"['Wonger', 'The Pebble']",Wonger,The Pebble,,,,
Alex Wood,woodal02,"['Woodman', 'AWood']",Woodman,AWood,,,,
Blake Wood,woodbl01,"['Woody', 'Block-A']",Woody,Block-A,,,,
George Wood,woodge01,['Dandy'],Dandy,,,,,
Hunter Wood,woodhu01,['Woody'],Woody,,,,,
Joe Wood,woodjo03,"['J.P.', 'Little Joe']",J.P.,Little Joe,,,,
Roy Wood,woodro01,['Woody'],Woody,,,,,
Smoky Joe Wood,woodjo02,['Smoky Joe'],Smoky Joe,,,,,
Travis Wood,woodtr01,['Woody'],Woody,,,,,
Wilbur Wood,woodwi01,['Wilbah'],Wilbah,,,,,
George Woodend,woodege01,['Dandy'],Dandy,,,,,
Gene Woodling,woodlge01,['Rock'],Rock,,,,,
Dan Woodman,woodmda01,['Cocoa'],Cocoa,,,,,
Brandon Woodruff,woodrbr01,['Woody'],Woody,,,,,
Jim Woods,woodsji01,['Woody'],Woody,,,,,
John Woods,woodsjo01,['Abe'],Abe,,,,,
Chris Woodward,woodwch01,['Woodrow'],Woodrow,,,,,
Brandon Workman,workmbr01,['Work'],Work,,,,,
Ralph Works,worksra01,['Judge'],Judge,,,,,
Vance Worley,worleva01,['Vanimal'],Vanimal,,,,,
Al Worthington,worthal01,['Red'],Red,,,,,
Ron Wotus,wotusro01,['Wo'],Wo,,,,,
Al Wright,wrighal01,['A-1'],A-1,,,,,
Ceylon Wright,wrighcy01,['Cy'],Cy,,,,,
Chase Wright,wrighch01,['Chase'],Chase,,,,,
Clyde Wright,wrighcl01,['Skeeter'],Skeeter,,,,,
David Wright,wrighda03,"['Captain America', 'D-Dub']",Captain America,D-Dub,,,,
Gene Wright,wrighge02,['Big Gene'],Big Gene,,,,,
Glenn Wright,wrighgl01,['Buckshot'],Buckshot,,,,,
Jim Wright,wrighji01,['Jiggs'],Jiggs,,,,,
Lucky Wright,wrighlu01,"['William The Red', 'Deacon']",William The Red,Deacon,,,,
Mike Wright Jr.,wrighmi01,['Bird'],Bird,,,,,
Steven Wright,wrighst01,['Knucksie'],Knucksie,,,,,
Frank Wurm,wurmfr01,['Socko'],Socko,,,,,
Early Wynn,wynnea01,['Gus'],Gus,,,,,
Jim Wynn,wynnji01,['The Toy Cannon'],The Toy Cannon,,,,,
Austin Wynns,wynnsau01,['Winnie'],Winnie,,,,,
Hank Wyse,wyseha01,['Hooks'],Hooks,,,,,
Jimmy Yacabonis,yacabji01,['Yac'],Yac,,,,,
Jordan Yamamoto,yamamjo01,['Yami'],Yami,,,,,
Ryan Yarbrough,yarbrry01,"['Yarbitron', 'Yarbs']",Yarbitron,Yarbs,,,,
Carl Yastrzemski,yastrca01,"['Yaz', 'Captain Carl']",Yaz,Captain Carl,,,,
Mike Yastrzemski,yastrmi01,['Yaz'],Yaz,,,,,
Kirby Yates,yateski01,"['Kirbs', 'Chubbs Senior']",Kirbs,Chubbs Senior,,,,
George Yeager,yeagege01,['Doc'],Doc,,,,,
Joe Yeager,yeagejo01,['Little Joe'],Little Joe,,,,,
Eric Yelding,yeldier01,['Cool Breeze'],Cool Breeze,,,,,
Christian Yelich,yelicch01,['Yeli'],Yeli,,,,,
Carroll Yerkes,yerkeca01,['Lefty'],Lefty,,,,,
Stan Yerkes,yerkest01,['Yank'],Yank,,,,,
Tom Yewcic,yewcito01,['Kibby'],Kibby,,,,,
Earl Yingling,yinglea01,['Chink'],Chink,,,,,
Gabriel Ynoa,ynoaga01,"['El Tiguere', 'Gaby']",El Tiguere,Gaby,,,,
Michael Ynoa,ynoami01,['La Pantera'],La Pantera,,,,,
James York,yorkle01,['Lefty'],Lefty,,,,,
Masataka Yoshida,yoshima02,['Macho Man'],Macho Man,,,,,
Eddie Yost,yosted01,['The Walking Man'],The Walking Man,,,,,
Kevin Youkilis,youklke01,"['Youk', 'The Greek God of Walks']",Youk,The Greek God of Walks,,,,
Alex Young,youngal01,['AY'],AY,,,,,
Charlie Young,youngch01,['Cy'],Cy,,,,,
Chris Young,youngch04,['Cy'],Cy,,,,,
Cy Young,youngcy01,['Cyclone'],Cyclone,,,,,
Dmitri Young,youngdm01,['Da Meat Hook'],Da Meat Hook,,,,,
Eric Young Sr.,younger01,['E.Y.'],E.Y.,,,,,
Eric Young Jr.,younger03,['EYJ'],EYJ,,,,,
Harley Young,youngha01,['Cy The Third'],Cy The Third,,,,,
Irv Young,youngir01,"['Young Cy', 'Cy The Second']",Young Cy,Cy The Second,,,,
Kevin Young,youngke01,['Little Hurt'],Little Hurt,,,,,
Nick Young,youngni99,['Uncle Nick'],Uncle Nick,,,,,
Ross Youngs,youngro01,['Pep'],Pep,,,,,
Ducky Yount,yountdu01,['Hub'],Hub,,,,,
Robin Yount,yountro01,['The Kid'],The Kid,,,,,
Carl Yowell,yowelca01,['Sundown'],Sundown,,,,,
Tom Zachary,zachato01,['Old Tom'],Old Tom,,,,,
Elmer Zacher,zacheel01,['Silver'],Silver,,,,,
George Zackert,zackege01,['Zeke'],Zeke,,,,,
Carlos Zambrano,zambrca01,"['Big Z', 'El Toro']",Big Z,El Toro,,,,
Jose Zardon,zardojo01,['Guineo'],Guineo,,,,,
Al Zarilla,zarilal01,['Zeke'],Zeke,,,,,
Rob Zastryzny,zastrro01,['Friday'],Friday,,,,,
Rollie Zeider,zeidero01,['Bunions'],Bunions,,,,,
Gus Zernial,zernigu01,['Ozark Ike'],Ozark Ike,,,,,
George Zettlein,zettlge01,['Charmer'],Charmer,,,,,
Brad Ziegler,zieglbr01,['Unicorn'],Unicorn,,,,,
Bradley Zimmer,zimmebr01,['Machine'],Machine,,,,,
Don Zimmer,zimmedo01,"['Popeye', 'Zip', 'The Gerbil']",Popeye,Zip,The Gerbil,,,
Kyle Zimmer,zimmeky01,['Zim'],Zim,,,,,
Ryan Zimmerman,zimmery01,"['The Z Man', 'Mr. Walk-Off', 'Zim', 'Mr. National']",The Z Man,Mr. Walk-Off,Zim,Mr. National,,
Jordan Zimmermann,zimmejo02,"['JZimm', 'Zim', 'JZ']",JZimm,Zim,JZ,,,
Alan Zinter,zinteal01,['Z Man'],Z Man,,,,,
Ben Zobrist,zobribe01,"['Zorilla', 'Zobi-wan Kenobi']",Zorilla,Zobi-wan Kenobi,,,,
Sam Zoldak,zoldasa01,['Sad Sam'],Sad Sam,,,,,
Bill Zuber,zuberbi01,['Goober'],Goober,,,,,
Joel Zumaya,zumayjo01,['Zoom Zoom'],Zoom Zoom,,,,,
Mike Zunino,zuninmi01,['Z'],Z,,,,,
Frank Zupo,zupofr01,['Noodles'],Noodles,,,,,
Tony Zych,zychto01,['T.A.Z.'],T.A.Z.,,,,,
Jhonkensy Noel,noeljh01,['Big Christmas'],Big Christmas,,,,,